0	2
1	2
2	2
3	2
4	2
5	2
6	2
7	2
8	2
9	2
10	2
11	2
12	2
13	2
14	2
15	2
16	2
17	2
18	2
19	2
20	2
21	2
22	2
23	2
24	2
25	2
26	2
27	2
28	2
29	2
30	2
31	2
32	2
33	2
34	2
35	2
36	2
37	2
38	3
39	3
40	3
41	3
42	3
43	3
44	3
45	3
46	3
47	3
48	3
49	3
50	3
51	3
52	3
53	3
54	3
55	3
56	3
57	3
58	3
59	3
60	3
61	3
62	3
63	3
64	3
65	3
66	3
67	3
68	3
69	3
70	3
71	3
72	3
73	3
74	3
75	3
76	3
77	3
78	3
79	3
80	3
81	3
82	3
83	3
84	3
85	3
86	3
87	3
88	3
89	3
90	3
91	3
92	3
93	3
94	3
95	3
96	3
97	3
98	3
99	3
100	3
101	3
102	3
103	3
104	3
105	3
106	3
107	3
108	3
109	3
110	3
111	3
112	3
113	3
114	3
115	3
116	3
117	3
118	3
119	3
120	3
121	3
122	3
123	3
124	3
125	3
126	3
127	3
128	3
129	3
130	3
131	3
132	3
133	3
134	3
135	3
136	3
137	3
138	3
139	3
140	3
141	3
142	3
143	3
144	3
145	3
146	3
147	3
148	3
149	3
150	3
151	3
152	3
153	3
154	3
155	3
156	3
157	3
158	3
159	3
160	3
161	3
162	3
163	3
164	3
165	3
166	3
167	3
168	3
169	3
170	3
171	3
172	3
173	3
174	3
175	3
176	3
177	3
178	3
179	3
180	3
181	3
182	3
183	3
184	3
185	3
186	3
187	3
188	3
189	3
190	3
191	3
192	3
193	3
194	3
195	3
196	3
197	3
198	3
199	3
200	3
201	3
202	3
203	3
204	3
205	3
206	4
207	4
208	4
209	4
210	4
211	4
212	4
213	4
214	4
215	4
216	4
217	4
218	4
219	4
220	4
221	4
222	4
223	4
224	4
225	4
226	4
227	4
228	4
229	5
230	5
231	5
232	5
233	5
234	5
235	5
236	5
237	5
238	5
239	5
240	5
241	5
242	5
243	5
244	5
245	5
246	5
247	5
248	5
249	5
250	5
251	5
252	5
253	5
254	5
255	5
256	5
257	5
258	5
259	5
260	5
261	5
262	5
263	5
264	5
265	5
266	5
267	5
268	5
269	5
270	5
271	5
272	5
273	5
274	5
275	5
276	5
277	5
278	5
279	5
280	5
281	5
282	5
283	5
284	5
285	5
286	5
287	5
288	5
289	5
290	5
291	5
292	5
293	5
294	5
295	5
296	5
297	5
298	5
299	5
300	5
301	5
302	5
303	5
304	5
305	5
306	5
307	5
308	5
309	5
310	5
311	5
312	5
313	5
314	5
315	5
316	5
317	5
318	5
319	5
320	5
321	5
322	5
323	5
324	5
325	5
326	6
327	6
328	6
329	6
330	6
331	6
332	6
333	6
334	6
335	6
336	6
337	6
338	6
339	6
340	6
341	6
342	6
343	6
344	6
345	6
346	6
347	6
348	6
349	6
350	6
351	6
352	6
353	6
354	6
355	6
356	6
357	6
358	6
359	6
360	6
361	6
362	6
363	6
364	6
365	6
366	6
367	6
368	6
369	6
370	6
371	6
372	6
373	6
374	6
375	6
376	6
377	6
378	6
379	6
380	6
381	6
382	6
383	6
384	6
385	6
386	6
387	6
388	6
389	6
390	6
391	6
392	6
393	6
394	6
395	6
396	6
397	6
398	6
399	6
400	6
401	6
402	6
403	6
404	6
405	6
406	6
407	6
408	6
409	6
410	6
411	6
412	6
413	6
414	6
415	6
416	6
417	6
418	6
419	6
420	6
421	6
422	6
423	6
424	6
425	6
426	6
427	6
428	6
429	6
430	6
431	6
432	6
433	6
434	6
435	6
436	6
437	6
438	6
439	6
440	6
441	6
442	6
443	6
444	6
445	6
446	6
447	6
448	6
449	6
450	6
451	6
452	6
453	6
454	6
455	6
456	6
457	6
458	6
459	6
460	6
461	6
462	6
463	6
464	6
465	6
466	6
467	6
468	6
469	6
470	6
471	6
472	6
473	6
474	6
475	6
476	6
477	6
478	6
479	6
480	6
481	6
482	6
483	6
484	6
485	6
486	6
487	6
488	6
489	6
490	6
491	6
492	6
493	6
494	6
495	6
496	6
497	6
498	6
499	6
500	6
501	6
502	6
503	6
504	6
505	6
506	6
507	6
508	6
509	6
510	6
511	6
512	6
513	6
514	6
515	6
516	6
517	6
518	6
519	6
520	6
521	6
522	6
523	6
524	6
525	6
526	6
527	6
528	6
529	6
530	6
531	6
532	6
533	6
534	6
535	6
536	6
537	6
538	6
539	6
540	6
541	6
542	6
543	6
544	6
545	6
546	6
547	6
548	6
549	6
550	6
551	6
552	6
553	6
554	6
555	6
556	6
557	6
558	6
559	6
560	6
561	6
562	6
563	6
564	6
565	6
566	6
567	6
568	6
569	6
570	6
571	6
572	6
573	6
574	6
575	6
576	6
577	6
578	6
579	6
580	6
581	6
582	6
583	6
584	6
585	6
586	6
587	6
588	6
589	6
590	6
591	6
592	6
593	6
594	6
595	6
596	6
597	6
598	6
599	6
600	6
601	6
602	6
603	6
604	6
605	6
606	6
607	6
608	6
609	6
610	6
611	6
612	6
613	6
614	6
615	6
616	6
617	6
618	6
619	6
620	6
621	6
622	6
623	6
624	6
625	6
626	6
627	6
628	6
629	6
630	6
631	6
632	6
633	6
634	6
635	6
636	6
637	6
638	6
639	6
640	6
641	6
642	6
643	6
644	6
645	6
646	6
647	6
648	6
649	6
650	6
651	6
652	6
653	6
654	6
655	6
656	6
657	6
658	6
659	6
660	6
661	6
662	6
663	6
664	6
665	6
666	6
667	6
668	7
669	7
670	7
671	7
672	7
673	7
674	7
675	7
676	7
677	7
678	7
679	7
680	7
681	7
682	7
683	7
684	7
685	7
686	7
687	7
688	7
689	7
690	7
691	7
692	7
693	7
694	7
695	7
696	7
697	7
698	7
699	7
700	7
701	7
702	7
703	7
704	7
705	7
706	7
707	7
708	7
709	7
710	7
711	7
712	7
713	7
714	7
715	7
716	7
717	7
718	7
719	7
720	7
721	7
722	7
723	7
724	7
725	7
726	7
727	7
728	7
729	7
730	7
731	7
732	7
733	7
734	7
735	7
736	7
737	8
738	8
739	8
740	8
741	8
742	8
743	8
744	8
745	8
746	8
747	8
748	8
749	8
750	8
751	8
752	8
753	8
754	8
755	8
756	8
757	8
758	8
759	8
760	8
761	8
762	8
763	8
764	8
765	8
766	8
767	8
768	8
769	8
770	8
771	8
772	8
773	8
774	8
775	8
776	8
777	9
778	9
779	10
780	10
781	10
782	10
783	10
784	10
785	10
786	10
787	10
788	10
789	11
790	11
791	11
792	11
793	11
794	11
795	11
796	11
797	11
798	11
799	11
800	11
801	12
802	12
803	12
804	12
805	12
806	12
807	12
808	12
809	12
810	12
811	12
812	12
813	12
814	12
815	12
816	12
817	12
818	12
819	12
820	12
821	12
822	12
823	12
824	12
825	12
826	12
827	12
828	12
829	12
830	12
831	12
832	12
833	12
834	12
835	12
836	12
837	12
838	12
839	13
840	13
841	13
842	13
843	13
844	13
845	13
846	13
847	13
848	13
849	13
850	13
851	13
852	13
853	13
854	13
855	13
856	13
857	13
858	13
859	13
860	13
861	13
862	13
863	13
864	13
865	13
866	13
867	13
868	13
869	13
870	13
871	13
872	13
873	13
874	13
875	13
876	13
877	13
878	13
879	13
880	13
881	13
882	13
883	13
884	13
885	13
886	14
887	14
888	14
889	14
890	14
891	14
892	14
893	14
894	14
895	14
896	14
897	14
898	14
899	14
900	14
901	14
902	14
903	14
904	14
905	14
906	14
907	14
908	14
909	14
910	14
911	14
912	14
913	14
914	14
915	14
916	14
917	14
918	14
919	14
920	14
921	14
922	14
923	14
924	14
925	14
926	14
927	14
928	14
929	14
930	14
931	14
932	14
933	14
934	14
935	14
936	14
937	14
938	14
939	14
940	14
941	14
942	14
943	14
944	14
945	14
946	14
947	14
948	14
949	14
950	14
951	14
952	14
953	14
954	14
955	14
956	14
957	14
958	14
959	14
960	14
961	14
962	14
963	14
964	14
965	14
966	14
967	14
968	14
969	14
970	14
971	14
972	14
973	14
974	14
975	14
976	14
977	14
978	14
979	14
980	14
981	14
982	14
983	14
984	14
985	14
986	14
987	14
988	14
989	14
990	14
991	14
992	14
993	14
994	14
995	14
996	14
997	14
998	14
999	14
1000	14
1001	14
1002	14
1003	14
1004	14
1005	14
1006	14
1007	14
1008	14
1009	14
1010	14
1011	14
1012	14
1013	14
1014	14
1015	14
1016	14
1017	14
1018	14
1019	14
1020	14
1021	14
1022	14
1023	14
1024	14
1025	14
1026	14
1027	14
1028	14
1029	14
1030	14
1031	14
1032	14
1033	14
1034	14
1035	14
1036	14
1037	14
1038	14
1039	14
1040	14
1041	14
1042	14
1043	14
1044	14
1045	14
1046	14
1047	14
1048	14
1049	14
1050	14
1051	14
1052	14
1053	14
1054	14
1055	14
1056	14
1057	14
1058	14
1059	14
1060	14
1061	14
1062	14
1063	14
1064	14
1065	14
1066	14
1067	14
1068	14
1069	14
1070	14
1071	14
1072	14
1073	14
1074	14
1075	14
1076	14
1077	14
1078	14
1079	14
1080	14
1081	14
1082	14
1083	14
1084	14
1085	14
1086	14
1087	14
1088	14
1089	14
1090	14
1091	14
1092	14
1093	14
1094	14
1095	14
1096	14
1097	14
1098	14
1099	14
1100	14
1101	14
1102	14
1103	14
1104	14
1105	14
1106	14
1107	14
1108	14
1109	14
1110	14
1111	14
1112	14
1113	14
1114	14
1115	14
1116	14
1117	14
1118	14
1119	14
1120	14
1121	14
1122	15
1123	15
1124	15
1125	15
1126	15
1127	15
1128	15
1129	15
1130	15
1131	15
1132	15
1133	15
1134	15
1135	15
1136	15
1137	15
1138	15
1139	15
1140	15
1141	15
1142	15
1143	15
1144	15
1145	15
1146	15
1147	15
1148	15
1149	15
1150	15
1151	16
1152	16
1153	16
1154	16
1155	16
1156	16
1157	16
1158	16
1159	16
1160	16
1161	16
1162	16
1163	16
1164	17
1165	17
1166	17
1167	17
1168	17
1169	17
1170	17
1171	17
1172	17
1173	17
1174	17
1175	17
1176	17
1177	17
1178	17
1179	17
1180	17
1181	17
1182	17
1183	17
1184	17
1185	17
1186	17
1187	17
1188	17
1189	17
1190	17
1191	17
1192	17
1193	17
1194	17
1195	17
1196	17
1197	17
1198	17
1199	17
1200	17
1201	17
1202	17
1203	17
1204	17
1205	17
1206	17
1207	17
1208	17
1209	17
1210	17
1211	17
1212	17
1213	17
1214	17
1215	17
1216	17
1217	17
1218	17
1219	17
1220	17
1221	17
1222	17
1223	17
1224	17
1225	17
1226	17
1227	17
1228	17
1229	17
1230	17
1231	17
1232	17
1233	17
1234	17
1235	17
1236	17
1237	17
1238	17
1239	17
1240	17
1241	17
1242	17
1243	17
1244	17
1245	17
1246	17
1247	17
1248	17
1249	17
1250	17
1251	17
1252	17
1253	17
1254	17
1255	17
1256	17
1257	17
1258	17
1259	17
1260	17
1261	17
1262	17
1263	17
1264	17
1265	17
1266	17
1267	17
1268	17
1269	17
1270	17
1271	17
1272	17
1273	17
1274	17
1275	17
1276	17
1277	17
1278	17
1279	17
1280	17
1281	17
1282	17
1283	17
1284	17
1285	17
1286	17
1287	17
1288	17
1289	17
1290	17
1291	17
1292	17
1293	17
1294	17
1295	17
1296	17
1297	17
1298	17
1299	17
1300	17
1301	17
1302	17
1303	17
1304	17
1305	17
1306	17
1307	17
1308	17
1309	17
1310	17
1311	17
1312	17
1313	17
1314	17
1315	17
1316	17
1317	17
1318	17
1319	17
1320	17
1321	17
1322	17
1323	17
1324	17
1325	17
1326	17
1327	17
1328	17
1329	17
1330	17
1331	17
1332	17
1333	17
1334	17
1335	17
1336	17
1337	17
1338	17
1339	17
1340	17
1341	17
1342	17
1343	17
1344	17
1345	17
1346	17
1347	17
1348	17
1349	17
1350	17
1351	17
1352	17
1353	17
1354	17
1355	17
1356	17
1357	17
1358	17
1359	17
1360	17
1361	17
1362	17
1363	17
1364	17
1365	17
1366	17
1367	17
1368	17
1369	17
1370	17
1371	17
1372	17
1373	17
1374	17
1375	17
1376	17
1377	17
1378	17
1379	17
1380	17
1381	17
1382	17
1383	17
1384	17
1385	17
1386	17
1387	17
1388	17
1389	17
1390	17
1391	17
1392	17
1393	17
1394	17
1395	17
1396	17
1397	17
1398	17
1399	17
1400	17
1401	17
1402	17
1403	17
1404	17
1405	17
1406	17
1407	17
1408	17
1409	17
1410	17
1411	17
1412	17
1413	17
1414	17
1415	17
1416	17
1417	17
1418	17
1419	17
1420	17
1421	17
1422	17
1423	17
1424	17
1425	17
1426	17
1427	17
1428	17
1429	17
1430	17
1431	17
1432	17
1433	17
1434	17
1435	17
1436	17
1437	17
1438	17
1439	17
1440	17
1441	17
1442	17
1443	17
1444	17
1445	17
1446	17
1447	17
1448	17
1449	17
1450	18
1451	18
1452	18
1453	18
1454	18
1455	18
1456	18
1457	18
1458	18
1459	18
1460	18
1461	18
1462	18
1463	18
1464	18
1465	18
1466	18
1467	19
1468	19
1469	19
1470	19
1471	19
1472	19
1473	19
1474	19
1475	19
1476	19
1477	19
1478	19
1479	19
1480	19
1481	19
1482	19
1483	19
1484	19
1485	19
1486	19
1487	19
1488	19
1489	19
1490	19
1491	19
1492	19
1493	19
1494	19
1495	19
1496	19
1497	19
1498	19
1499	19
1500	19
1501	19
1502	19
1503	19
1504	19
1505	19
1506	19
1507	19
1508	19
1509	19
1510	19
1511	19
1512	19
1513	19
1514	19
1515	19
1516	19
1517	19
1518	19
1519	19
1520	19
1521	19
1522	19
1523	19
1524	19
1525	19
1526	19
1527	19
1528	19
1529	19
1530	19
1531	19
1532	19
1533	19
1534	19
1535	19
1536	19
1537	19
1538	19
1539	19
1540	19
1541	19
1542	19
1543	19
1544	19
1545	19
1546	19
1547	19
1548	19
1549	19
1550	19
1551	19
1552	19
1553	19
1554	19
1555	19
1556	19
1557	19
1558	19
1559	19
1560	19
1561	19
1562	19
1563	19
1564	19
1565	19
1566	19
1567	19
1568	19
1569	19
1570	19
1571	19
1572	19
1573	19
1574	19
1575	19
1576	19
1577	19
1578	19
1579	19
1580	19
1581	19
1582	19
1583	19
1584	19
1585	19
1586	19
1587	19
1588	19
1589	19
1590	19
1591	19
1592	19
1593	19
1594	19
1595	19
1596	19
1597	19
1598	19
1599	19
1600	19
1601	19
1602	19
1603	19
1604	19
1605	19
1606	19
1607	20
1608	20
1609	20
1610	20
1611	20
1612	20
1613	20
1614	20
1615	20
1616	20
1617	20
1618	20
1619	20
1620	20
1621	20
1622	20
1623	20
1624	20
1625	20
1626	20
1627	20
1628	20
1629	20
1630	20
1631	20
1632	20
1633	20
1634	20
1635	20
1636	20
1637	20
1638	20
1639	20
1640	20
1641	20
1642	20
1643	20
1644	20
1645	20
1646	20
1647	20
1648	20
1649	20
1650	20
1651	20
1652	20
1653	20
1654	20
1655	20
1656	20
1657	20
1658	20
1659	20
1660	20
1661	20
1662	20
1663	20
1664	20
1665	20
1666	20
1667	20
1668	20
1669	20
1670	20
1671	20
1672	20
1673	20
1674	20
1675	20
1676	20
1677	20
1678	20
1679	20
1680	20
1681	20
1682	20
1683	20
1684	20
1685	20
1686	20
1687	20
1688	20
1689	20
1690	20
1691	20
1692	20
1693	20
1694	20
1695	20
1696	20
1697	20
1698	20
1699	20
1700	20
1701	20
1702	20
1703	20
1704	21
1705	21
1706	21
1707	21
1708	21
1709	21
1710	21
1711	21
1712	21
1713	21
1714	21
1715	21
1716	21
1717	21
1718	21
1719	21
1720	21
1721	21
1722	21
1723	21
1724	21
1725	21
1726	21
1727	21
1728	21
1729	21
1730	21
1731	21
1732	21
1733	21
1734	21
1735	21
1736	21
1737	21
1738	21
1739	21
1740	21
1741	21
1742	21
1743	21
1744	21
1745	21
1746	21
1747	21
1748	21
1749	21
1750	21
1751	21
1752	21
1753	21
1754	22
1755	22
1756	22
1757	22
1758	22
1759	22
1760	22
1761	22
1762	22
1763	22
1764	22
1765	22
1766	22
1767	22
1768	22
1769	22
1770	22
1771	22
1772	22
1773	22
1774	22
1775	22
1776	22
1777	22
1778	22
1779	22
1780	22
1781	22
1782	22
1783	22
1784	22
1785	22
1786	22
1787	22
1788	22
1789	22
1790	22
1791	22
1792	22
1793	22
1794	22
1795	22
1796	22
1797	22
1798	22
1799	22
1800	22
1801	22
1802	22
1803	23
1804	23
1805	23
1806	23
1807	23
1808	23
1809	23
1810	23
1811	23
1812	23
1813	23
1814	23
1815	23
1816	23
1817	23
1818	23
1819	23
1820	23
1821	23
1822	23
1823	23
1824	23
1825	23
1826	23
1827	23
1828	23
1829	23
1830	23
1831	23
1832	23
1833	23
1834	23
1835	23
1836	23
1837	23
1838	23
1839	23
1840	23
1841	23
1842	23
1843	23
1844	23
1845	23
1846	24
1847	24
1848	24
1849	24
1850	24
1851	24
1852	24
1853	24
1854	24
1855	24
1856	24
1857	24
1858	24
1859	24
1860	24
1861	24
1862	24
1863	24
1864	24
1865	24
1866	24
1867	24
1868	24
1869	24
1870	24
1871	24
1872	24
1873	24
1874	24
1875	24
1876	24
1877	24
1878	24
1879	24
1880	24
1881	24
1882	24
1883	24
1884	24
1885	24
1886	24
1887	24
1888	24
1889	24
1890	24
1891	24
1892	24
1893	24
1894	24
1895	24
1896	24
1897	24
1898	24
1899	24
1900	24
1901	24
1902	24
1903	24
1904	24
1905	24
1906	24
1907	24
1908	24
1909	24
1910	24
1911	24
1912	24
1913	24
1914	24
1915	24
1916	24
1917	24
1918	24
1919	24
1920	24
1921	24
1922	24
1923	24
1924	24
1925	24
1926	24
1927	24
1928	24
1929	24
1930	24
1931	24
1932	24
1933	24
1934	24
1935	24
1936	24
1937	24
1938	24
1939	24
1940	24
1941	24
1942	24
1943	24
1944	24
1945	24
1946	24
1947	24
1948	24
1949	24
1950	24
1951	24
1952	24
1953	24
1954	24
1955	24
1956	24
1957	24
1958	24
1959	24
1960	24
1961	24
1962	24
1963	24
1964	24
1965	24
1966	24
1967	24
1968	24
1969	24
1970	24
1971	24
1972	24
1973	24
1974	24
1975	24
1976	24
1977	24
1978	24
1979	24
1980	24
1981	24
1982	24
1983	24
1984	24
1985	24
1986	24
1987	24
1988	24
1989	24
1990	24
1991	24
1992	24
1993	24
1994	24
1995	24
1996	24
1997	24
1998	24
1999	24
2000	24
2001	24
2002	24
2003	24
2004	24
2005	24
2006	24
2007	24
2008	24
2009	24
2010	25
2011	25
2012	25
2013	26
2014	26
2015	26
2016	26
2017	26
2018	26
2019	26
2020	26
2021	26
2022	26
2023	26
2024	26
2025	26
2026	26
2027	26
2028	26
2029	26
2030	26
2031	26
2032	26
2033	26
2034	26
2035	26
2036	26
2037	26
2038	26
2039	26
2040	26
2041	26
2042	26
2043	26
2044	26
2045	26
2046	26
2047	26
2048	26
2049	26
2050	26
2051	26
2052	26
2053	26
2054	26
2055	26
2056	27
2057	27
2058	28
2059	28
2060	28
2061	28
2062	28
2063	28
2064	28
2065	28
2066	28
2067	28
2068	28
2069	28
2070	28
2071	28
2072	28
2073	28
2074	28
2075	28
2076	28
2077	28
2078	28
2079	28
2080	28
2081	28
2082	28
2083	28
2084	28
2085	28
2086	28
2087	28
2088	28
2089	28
2090	28
2091	28
2092	28
2093	28
2094	28
2095	28
2096	28
2097	28
2098	28
2099	28
2100	28
2101	28
2102	28
2103	28
2104	28
2105	28
2106	28
2107	28
2108	28
2109	38
2110	38
2111	38
2112	38
2113	38
2114	38
2115	38
2116	38
2117	38
2118	38
2119	38
2120	38
2121	38
2122	38
2123	38
2124	38
2125	38
2126	38
2127	38
2128	38
2129	38
2130	38
2131	38
2132	38
2133	38
2134	39
2135	39
2136	39
2137	39
2138	39
2139	39
2140	39
2141	39
2142	39
2143	39
2144	39
2145	39
2146	39
2147	39
2148	39
2149	39
2150	53
2151	54
2152	55
2153	55
2154	55
2155	55
2156	55
2157	55
2158	55
2159	79
2160	79
2161	79
2162	79
2163	79
2164	79
2165	79
2166	79
2167	79
2168	79
2169	79
2170	79
2171	79
2172	79
2173	79
2174	79
2175	79
2176	79
2177	79
2178	79
2179	79
2180	79
2181	80
2182	80
2183	80
2184	80
2185	80
2186	80
2187	80
2188	80
2189	80
2190	80
2191	80
2192	80
2193	80
2194	80
2195	80
2196	80
2197	80
2198	80
2199	80
2200	80
2201	80
2202	81
2203	81
2204	81
2205	82
2206	82
2207	82
2208	82
2209	82
2210	82
2211	82
2212	82
2213	82
2214	82
2215	82
2216	82
2217	82
2218	83
2219	83
2220	83
2221	89
2222	89
2223	90
2224	90
2225	90
2226	90
2227	90
2228	90
2229	90
2230	90
2231	90
2232	90
2233	90
2234	90
2235	90
2236	90
2237	90
2238	90
2239	90
2240	90
2241	90
2242	90
2243	90
2244	90
2245	91
2246	91
2247	91
2248	91
2249	91
2250	91
2251	91
2252	91
2253	91
2254	91
2255	92
2256	93
2257	93
2258	93
2259	93
2260	93
2261	93
2262	93
2263	93
2264	93
2265	93
2266	93
2267	94
2268	94
2269	94
2270	95
2271	95
2272	95
2273	95
2274	95
2275	95
2276	96
2277	96
2278	96
2279	96
2280	96
2281	96
2282	96
2283	96
2284	96
2285	96
2286	96
2287	96
2288	96
2289	96
2290	96
2291	96
2292	96
2293	96
2294	96
2295	96
2296	96
2297	97
2298	97
2299	97
2300	97
2301	97
2302	97
2303	97
2304	97
2305	97
2306	97
2307	97
2308	97
2309	97
2310	97
2311	97
2312	97
2313	97
2314	97
2315	97
2316	97
2317	97
2318	97
2319	97
2320	97
2321	97
2322	97
2323	98
2324	98
2325	98
2326	98
2327	98
2328	99
2329	99
2330	100
2331	100
2332	100
2333	100
2334	100
2335	100
2336	100
2337	101
2338	102
2339	103
2340	104
2341	104
2342	104
2343	104
2344	104
2345	104
2346	104
2347	104
2348	104
2349	104
2350	104
2351	104
2352	105
2353	105
2354	105
2355	105
2356	105
2357	105
2358	105
2359	105
2360	105
2361	105
2362	105
2363	106
2364	106
2365	106
2366	106
2367	106
2368	106
2369	106
2370	106
2371	106
2372	106
2373	106
2374	106
2375	106
2376	106
2377	106
2378	106
2379	107
2380	107
2381	107
2382	107
2383	107
2384	108
2385	108
2386	108
2387	109
2388	110
2389	110
2390	111
2391	111
2392	111
2393	111
2394	111
2395	111
2396	111
2397	111
2398	111
2399	111
2400	112
2401	112
2402	113
2403	114
2404	115
2405	115
2406	115
2407	115
2408	115
2409	115
2410	115
2411	115
2412	115
2413	115
2414	115
2415	115
2416	115
2417	115
2418	115
2419	115
2420	115
2421	117
2422	117
2423	117
2424	117
2425	118
2426	118
2427	119
2428	120
2429	120
2430	120
2431	120
2432	120
2433	120
2434	121
2435	121
2436	121
2437	121
2438	121
2439	124
2440	124
2441	124
2442	124
2443	124
2444	124
2445	137
2446	137
2447	137
2448	137
2449	137
2450	137
2451	137
2452	137
2453	137
2454	137
2455	137
2456	137
2457	137
2458	137
2459	137
2460	137
2461	137
2462	137
2463	137
2464	137
2465	137
2466	138
2467	138
2468	138
2469	138
2470	138
2471	139
2472	139
2473	139
2474	140
2475	140
2476	140
2477	140
2478	140
2479	140
2480	140
2481	140
2482	140
2483	140
2484	140
2485	140
2486	141
2487	142
2488	142
2489	142
2490	142
2491	142
2492	142
2493	142
2494	142
2495	142
2496	142
2497	143
2498	143
2499	143
2500	143
2501	143
2502	143
2503	144
2504	144
2505	144
2506	144
2507	144
2508	145
2509	145
2510	146
2511	147
2512	147
2513	147
2514	148
2515	148
2516	148
2517	148
2518	148
2519	148
2520	148
2521	148
2522	148
2523	148
2524	148
2525	148
2526	148
2527	149
2528	149
2529	149
2530	150
2531	150
2532	151
2533	151
2534	151
2535	151
2536	152
2537	152
2538	152
2539	152
2540	153
2541	154
2542	154
2543	154
2544	155
2545	155
2546	155
2547	155
2548	155
2549	155
2550	155
2551	155
2552	155
2553	155
2554	155
2555	155
2556	155
2557	155
2558	155
2559	155
2560	155
2561	155
2562	155
2563	155
2564	155
2565	155
2566	156
2567	156
2568	156
2569	157
2570	157
2571	157
2572	157
2573	157
2574	158
2575	159
2576	160
2577	161
2578	161
2579	161
2580	161
2581	161
2582	162
2583	162
2584	162
2585	162
2586	162
2587	163
2588	163
2589	164
2590	164
2591	164
2592	164
2593	164
2594	164
2595	164
2596	164
2597	164
2598	165
2599	165
2600	165
2601	166
2602	166
2603	166
2604	166
2605	166
2606	166
2607	168
2608	168
2609	168
2610	168
2611	169
2612	169
2613	169
2614	169
2615	169
2616	169
2617	169
2618	169
2619	169
2620	169
2621	170
2622	170
2623	170
2624	171
2625	172
2626	172
2627	172
2628	173
2629	174
2630	175
2631	175
2632	175
2633	175
2634	176
2635	176
2636	176
2637	177
2638	177
2639	186
2640	187
2641	187
2642	188
2643	188
2644	188
2645	188
2646	189
2647	189
2648	189
2649	189
2650	190
2651	190
2652	190
2653	190
2654	190
2655	190
2656	190
2657	190
2658	190
2659	190
2660	191
2661	192
2662	192
2663	193
2664	194
2665	194
2666	194
2667	195
2668	196
2669	196
2670	196
2671	196
2672	197
2673	198
2674	199
2675	199
2676	199
2677	200
2678	201
2679	201
2680	201
2681	201
2682	201
2683	202
2684	202
2685	202
2686	202
2687	202
2688	203
2689	204
2690	205
2691	205
2692	205
2693	212
2694	213
2695	213
2696	221
2697	221
2698	222
2699	223
2700	223
2701	224
2702	224
2703	224
2704	224
2705	224
2706	224
2707	224
2708	224
2709	224
2710	224
2711	224
2712	224
2713	225
2714	226
2715	227
2716	227
2717	227
2718	228
2719	229
2720	229
2721	229
2722	232
2723	232
2724	232
2725	232
2726	232
2727	234
2728	264
2729	265
2730	266
2731	266
2732	266
2733	266
2734	266
2735	267
2736	267
2737	267
2738	267
2739	267
2740	267
2741	267
2742	267
2743	267
2744	267
2745	268
2746	269
2747	269
2748	270
2749	271
2750	271
2751	271
2752	271
2753	271
2754	280
2755	281
2756	282
2757	283
2758	283
2759	283
2760	283
2761	283
2762	283
2763	283
2764	283
2765	283
2766	284
2767	284
2768	284
2769	284
2770	284
2771	284
2772	285
2773	285
2774	285
2775	285
2776	285
2777	286
2778	287
2779	287
2780	288
2781	289
2782	289
2783	289
2784	290
2785	291
2786	291
2787	291
2788	291
2789	291
2790	291
2791	291
2792	292
2793	292
2794	292
2795	292
2796	292
2797	293
2798	293
2799	297
2800	298
2801	299
2802	299
2803	299
2804	300
2805	300
2806	300
2807	300
2808	300
2809	300
2810	300
2811	301
2812	301
2813	301
2814	302
2815	303
2816	303
2817	303
2818	303
2819	303
2820	303
2821	304
2822	305
2823	305
2824	305
2825	305
2826	306
2827	307
2828	308
2829	308
2830	309
2831	310
2832	311
2833	311
2834	311
2835	311
2836	312
2837	312
2838	312
2839	312
2840	312
2841	312
2842	312
2843	314
2844	314
2845	315
2846	316
2847	317
2848	317
2849	317
2850	318
2851	319
2852	319
2853	320
2854	320
2855	321
2856	321
2857	322
2858	322
2859	322
2860	322
2861	322
2862	322
2863	322
2864	322
2865	323
2866	323
2867	324
2868	324
2869	324
2870	324
2871	325
2872	325
2873	325
2874	325
2875	325
2876	326
2877	326
2878	326
2879	327
2880	328
2881	329
2882	330
2883	331
2884	331
2885	331
2886	331
2887	331
2888	334
2889	334
2890	335
2891	335
2892	335
2893	336
2894	337
2895	338
2896	339
2897	339
2898	339
2899	339
2900	340
2901	340
2902	341
2903	341
2904	342
2905	343
2906	343
2907	344
2908	344
2909	344
2910	345
2911	346
2912	347
2913	347
2914	347
2915	347
2916	347
2917	348
2918	348
2919	349
2920	350
2921	350
2922	350
2923	351
2924	351
2925	351
2926	351
2927	351
2928	352
2929	352
2930	353
2931	353
2932	353
2933	353
2934	353
2935	353
2936	354
2937	354
2938	355
2939	355
2940	355
2941	356
2942	356
2943	357
2944	358
2945	358
2946	358
2947	359
2948	360
2949	361
2950	362
2951	363
2952	363
2953	363
2954	364
2955	365
2956	365
2957	366
2958	367
2959	367
2960	368
2961	368
2962	368
2963	369
2964	369
2965	369
2966	369
2967	370
2968	370
2969	370
2970	370
2971	375
2972	376
2973	376
2974	376
2975	376
2976	376
2977	377
2978	377
2979	377
2980	378
2981	379
2982	380
2983	381
2984	381
2985	381
2986	381
2987	382
2988	382
2989	382
2990	382
2991	383
2992	385
2993	388
2994	388
2995	388
2996	388
2997	388
2998	388
2999	388
3000	389
3001	389
3002	390
3003	391
3004	391
3005	392
3006	395
3007	396
3008	397
3009	397
3010	397
3011	397
3012	397
3013	397
3014	398
3015	398
3016	398
3017	398
3018	398
3019	399
3020	399
3021	399
3022	399
3023	400
3024	401
3025	402
3026	402
3027	403
3028	404
3029	405
3030	405
3031	405
3032	406
3033	406
3034	406
3035	407
3036	408
3037	408
3038	408
3039	408
3040	409
3041	409
3042	410
3043	410
3044	410
3045	410
3046	411
3047	412
3048	413
3049	413
3050	413
3051	414
3052	414
3053	415
3054	415
3055	416
3056	416
3057	416
3058	418
3059	419
3060	419
3061	420
3062	420
3063	420
3064	420
3065	421
3066	421
3067	421
3068	421
3069	421
3070	422
3071	422
3072	422
3073	422
3074	422
3075	422
3076	422
3077	423
3078	423
3079	424
3080	424
3081	424
3082	425
3083	426
3084	427
3085	427
3086	427
3087	428
3088	429
3089	429
3090	430
3091	430
3092	430
3093	431
3094	432
3095	433
3096	434
3097	435
3098	435
3099	435
3100	435
3101	435
3102	435
3103	436
3104	437
3105	437
3106	438
3107	438
3108	439
3109	440
3110	440
3111	441
3112	442
3113	443
3114	443
3115	444
3116	444
3117	444
3118	444
3119	445
3120	446
3121	446
3122	447
3123	447
3124	447
3125	448
3126	449
3127	450
3128	450
3129	451
3130	451
3131	452
3132	452
3133	455
3134	456
3135	457
3136	457
3137	458
3138	459
3139	460
3140	461
3141	462
3142	463
3143	464
3144	464
3145	465
3146	466
3147	466
3148	466
3149	466
3150	466
3151	467
3152	467
3153	467
3154	467
3155	468
3156	468
3157	468
3158	469
3159	470
3160	470
3161	471
3162	471
3163	472
3164	473
3165	474
3166	475
3167	475
3168	475
3169	476
3170	476
3171	476
3172	477
3173	477
3174	477
3175	477
3176	478
3177	479
3178	480
3179	481
3180	482
3181	483
3182	484
3183	484
3184	484
3185	484
3186	484
3187	484
3188	484
3189	484
3190	485
3191	486
3192	486
3193	487
3194	487
3195	487
3196	487
3197	488
3198	488
3199	488
3200	489
3201	490
3202	491
3203	491
3204	492
3205	493
3206	493
3207	493
3208	494
3209	494
3210	495
3211	496
3212	496
3213	496
3214	496
3215	497
3216	498
3217	498
3218	498
3219	499
3220	499
3221	499
3222	499
3223	499
3224	499
3225	507
3226	508
3227	508
3228	509
3229	510
3230	511
3231	511
3232	512
3233	512
3234	512
3235	512
3236	512
3237	513
3238	513
3239	513
3240	514
3241	514
3242	514
3243	515
3244	516
3245	516
3246	517
3247	517
3248	517
3249	518
3250	518
3251	519
3252	519
3253	520
3254	520
3255	521
3256	522
3257	523
3258	523
3259	523
3260	523
3261	524
3262	525
3263	525
3264	526
3265	527
3266	528
3267	528
3268	529
3269	529
3270	529
3271	530
3272	531
3273	531
3274	532
3275	532
3276	532
3277	533
3278	535
3279	535
3280	536
3281	537
3282	538
3283	539
3284	540
3285	541
3286	542
3287	543
3288	543
3289	543
3290	544
3291	544
3292	544
3293	544
3294	544
3295	545
3296	546
3297	546
3298	546
3299	547
3300	548
3301	548
3302	549
3303	550
3304	550
3305	550
3306	551
3307	551
3308	551
3309	552
3310	552
3311	552
3312	553
3313	553
3314	554
3315	554
3316	554
3317	555
3318	555
3319	556
3320	557
3321	557
3322	558
3323	558
3324	559
3325	559
3326	560
3327	561
3328	562
3329	562
3330	563
3331	563
3332	563
3333	563
3334	564
3335	565
3336	566
3337	566
3338	566
3339	566
3340	567
3341	568
3342	568
3343	568
3344	568
3345	568
3346	569
3347	570
3348	570
3349	571
3350	571
3351	572
3352	573
3353	574
3354	575
3355	575
3356	575
3357	575
3358	575
3359	576
3360	576
3361	576
3362	576
3363	576
3364	576
3365	577
3366	578
3367	578
3368	578
3369	579
3370	579
3371	580
3372	580
3373	581
3374	582
3375	583
3376	583
3377	583
3378	583
3379	583
3380	584
3381	585
3382	585
3383	586
3384	586
3385	586
3386	586
3387	587
3388	588
3389	589
3390	589
3391	590
3392	590
3393	590
3394	590
3395	590
3396	591
3397	591
3398	591
3399	591
3400	592
3401	592
3402	592
3403	593
3404	593
3405	593
3406	593
3407	594
3408	595
3409	596
3410	597
3411	597
3412	597
3413	597
3414	597
3415	597
3416	597
3417	598
3418	599
3419	600
3420	601
3421	602
3422	602
3423	602
3424	603
3425	603
3426	604
3427	604
3428	604
3429	604
3430	605
3431	606
3432	607
3433	608
3434	608
3435	609
3436	610
3437	610
3438	611
3439	612
3440	612
3441	612
3442	613
3443	614
3444	614
3445	615
3446	616
3447	617
3448	618
3449	618
3450	619
3451	620
3452	621
3453	622
3454	623
3455	623
3456	624
3457	624
3458	625
3459	625
3460	626
3461	627
3462	627
3463	627
3464	627
3465	628
3466	628
3467	629
3468	630
3469	631
3470	631
3471	632
3472	632
3473	632
3474	633
3475	633
3476	634
3477	635
3478	636
3479	637
3480	637
3481	637
3482	637
3483	637
3484	638
3485	638
3486	638
3487	638
3488	638
3489	638
3490	638
3491	639
3492	640
3493	640
3494	640
3495	640
3496	640
3497	640
3498	640
3499	641
3500	642
3501	642
3502	642
3503	642
3504	643
3505	643
3506	643
3507	643
3508	643
3509	643
3510	644
3511	644
3512	644
3513	647
3514	648
3515	648
3516	649
3517	649
3518	650
3519	650
3520	650
3521	650
3522	650
3523	651
3524	651
3525	651
3526	652
3527	653
3528	653
3529	653
3530	654
3531	655
3532	656
3533	657
3534	658
3535	659
3536	659
3537	659
3538	660
3539	660
3540	660
3541	660
3542	661
3543	661
3544	661
3545	661
3546	662
3547	663
3548	663
3549	663
3550	664
3551	664
3552	664
3553	664
3554	664
3555	664
3556	665
3557	666
3558	666
3559	667
3560	668
3561	669
3562	670
3563	671
3564	671
3565	671
3566	672
3567	673
3568	674
3569	675
3570	676
3571	676
3572	676
3573	677
3574	677
3575	677
3576	678
3577	678
3578	678
3579	678
3580	679
3581	680
3582	681
3583	682
3584	683
3585	684
3586	684
3587	685
3588	685
3589	685
3590	685
3591	686
3592	686
3593	686
3594	687
3595	687
3596	688
3597	689
3598	690
3599	690
3600	691
3601	692
3602	692
3603	692
3604	693
3605	693
3606	694
3607	694
3608	694
3609	695
3610	695
3611	696
3612	696
3613	696
3614	696
3615	697
3616	698
3617	699
3618	700
3619	701
3620	702
3621	702
3622	702
3623	702
3624	702
3625	702
3626	703
3627	703
3628	703
3629	703
3630	704
3631	705
3632	706
3633	707
3634	707
3635	707
3636	707
3637	707
3638	707
3639	708
3640	710
3641	710
3642	711
3643	712
3644	713
3645	714
3646	715
3647	715
3648	715
3649	716
3650	717
3651	717
3652	718
3653	718
3654	718
3655	718
3656	719
3657	720
3658	720
3659	721
3660	721
3661	722
3662	722
3663	723
3664	724
3665	724
3666	725
3667	726
3668	726
3669	726
3670	727
3671	727
3672	727
3673	728
3674	728
3675	728
3676	728
3677	729
3678	729
3679	729
3680	730
3681	731
3682	732
3683	732
3684	732
3685	732
3686	733
3687	734
3688	734
3689	735
3690	736
3691	736
3692	736
3693	737
3694	738
3695	740
3696	741
3697	741
3698	741
3699	741
3700	741
3701	741
3702	741
3703	741
3704	741
3705	741
3706	741
3707	742
3708	742
3709	742
3710	742
3711	742
3712	742
3713	742
3714	743
3715	743
3716	743
3717	747
3718	748
3719	749
3720	750
3721	751
3722	752
3723	752
3724	752
3725	752
3726	752
3727	754
3728	754
3729	755
3730	755
3731	756
3732	756
3733	757
3734	758
3735	759
3736	759
3737	759
3738	759
3739	759
3740	759
3741	759
3742	759
3743	760
3744	760
3745	760
3746	760
3747	760
3748	760
3749	760
3750	761
3751	762
3752	762
3753	762
3754	762
3755	762
3756	762
3757	762
3758	762
3759	763
3760	763
3761	764
3762	765
3763	766
3764	766
3765	766
3766	766
3767	767
3768	768
3769	768
3770	768
3771	768
3772	768
3773	768
3774	768
3775	768
3776	768
3777	768
3778	769
3779	770
3780	770
3781	770
3782	770
3783	770
3784	770
3785	771
3786	771
3787	772
3788	773
3789	773
3790	774
3791	774
3792	774
3793	774
3794	774
3795	774
3796	774
3797	774
3798	774
3799	774
3800	774
3801	774
3802	775
3803	775
3804	775
3805	775
3806	776
3807	776
3808	776
3809	777
3810	777
3811	777
3812	778
3813	778
3814	778
3815	778
3816	779
3817	779
3818	779
3819	779
3820	779
3821	779
3822	779
3823	779
3824	779
3825	780
3826	780
3827	780
3828	780
3829	780
3830	781
3831	781
3832	781
3833	781
3834	781
3835	781
3836	781
3837	781
3838	781
3839	781
3840	781
3841	781
3842	782
3843	783
3844	784
3845	784
3846	784
3847	784
3848	784
3849	784
3850	784
3851	784
3852	784
3853	784
3854	785
3855	785
3856	785
3857	786
3858	787
3859	788
3860	788
3861	788
3862	789
3863	789
3864	789
3865	789
3866	789
3867	789
3868	790
3869	791
3870	791
3871	791
3872	791
3873	791
3874	791
3875	791
3876	791
3877	792
3878	792
3879	792
3880	792
3881	793
3882	793
3883	794
3884	794
3885	794
3886	795
3887	796
3888	797
3889	797
3890	797
3891	797
3892	798
3893	798
3894	798
3895	798
3896	798
3897	798
3898	799
3899	800
3900	800
3901	800
3902	801
3903	801
3904	802
3905	803
3906	803
3907	803
3908	803
3909	803
3910	803
3911	804
3912	804
3913	804
3914	805
3915	805
3916	805
3917	806
3918	806
3919	807
3920	807
3921	807
3922	808
3923	808
3924	808
3925	808
3926	808
3927	808
3928	808
3929	808
3930	808
3931	808
3932	809
3933	810
3934	811
3935	812
3936	813
3937	813
3938	813
3939	813
3940	813
3941	813
3942	813
3943	814
3944	814
3945	815
3946	815
3947	815
3948	815
3949	815
3950	816
3951	816
3952	816
3953	816
3954	816
3955	817
3956	817
3957	817
3958	818
3959	818
3960	818
3961	818
3962	818
3963	819
3964	820
3965	820
3966	820
3967	820
3968	820
3969	820
3970	820
3971	820
3972	820
3973	820
3974	820
3975	820
3976	820
3977	820
3978	820
3979	821
3980	821
3981	821
3982	821
3983	821
3984	821
3985	822
3986	823
3987	824
3988	824
3989	824
3990	825
3991	825
3992	825
3993	826
3994	826
3995	826
3996	826
3997	826
3998	826
3999	827
4000	827
4001	827
4002	827
4003	827
4004	828
4005	828
4006	829
4007	830
4008	830
4009	830
4010	830
4011	830
4012	830
4013	830
4014	830
4015	830
4016	831
4017	831
4018	831
4019	831
4020	831
4021	831
4022	831
4023	831
4024	832
4025	832
4026	832
4027	832
4028	832
4029	832
4030	833
4031	834
4032	834
4033	834
4034	835
4035	836
4036	837
4037	837
4038	838
4039	838
4040	838
4041	838
4042	838
4043	838
4044	838
4045	838
4046	839
4047	840
4048	840
4049	840
4050	840
4051	840
4052	840
4053	841
4054	842
4055	842
4056	843
4057	843
4058	844
4059	844
4060	844
4061	844
4062	844
4063	845
4064	845
4065	846
4066	846
4067	846
4068	846
4069	846
4070	846
4071	846
4072	847
4073	847
4074	847
4075	848
4076	849
4077	849
4078	849
4079	849
4080	849
4081	850
4082	850
4083	850
4084	850
4085	850
4086	850
4087	851
4088	851
4089	851
4090	851
4091	851
4092	851
4093	851
4094	851
4095	851
4096	852
4097	852
4098	852
4099	852
4100	853
4101	853
4102	853
4103	853
4104	854
4105	855
4106	856
4107	856
4108	856
4109	856
4110	857
4111	857
4112	857
4113	857
4114	857
4115	857
4116	857
4117	857
4118	857
4119	857
4120	858
4121	858
4122	858
4123	858
4124	858
4125	859
4126	859
4127	859
4128	859
4129	859
4130	859
4131	859
4132	859
4133	859
4134	859
4135	860
4136	860
4137	860
4138	860
4139	861
4140	861
4141	861
4142	861
4143	861
4144	861
4145	861
4146	861
4147	861
4148	861
4149	861
4150	861
4151	861
4152	861
4153	862
4154	862
4155	862
4156	863
4157	863
4158	863
4159	863
4160	863
4161	863
4162	863
4163	863
4164	863
4165	863
4166	863
4167	863
4168	863
4169	864
4170	864
4171	865
4172	866
4173	867
4174	867
4175	867
4176	867
4177	867
4178	867
4179	867
4180	867
4181	867
4182	867
4183	867
4184	867
4185	867
4186	867
4187	868
4188	869
4189	869
4190	869
4191	869
4192	870
4193	870
4194	870
4195	870
4196	870
4197	870
4198	870
4199	870
4200	870
4201	870
4202	870
4203	870
4204	870
4205	870
4206	870
4207	870
4208	871
4209	871
4210	871
4211	872
4212	872
4213	872
4214	872
4215	872
4216	872
4217	872
4218	872
4219	872
4220	872
4221	872
4222	872
4223	872
4224	872
4225	872
4226	872
4227	872
4228	872
4229	872
4230	873
4231	873
4232	873
4233	873
4234	873
4235	874
4236	874
4237	874
4238	874
4239	874
4240	874
4241	874
4242	874
4243	874
4244	874
4245	874
4246	874
4247	874
4248	875
4249	875
4250	875
4251	876
4252	876
4253	877
4254	877
4255	877
4256	877
4257	877
4258	877
4259	878
4260	878
4261	878
4262	878
4263	878
4264	878
4265	878
4266	878
4267	878
4268	878
4269	878
4270	878
4271	878
4272	879
4273	879
4274	879
4275	879
4276	879
4277	879
4278	879
4279	879
4280	879
4281	879
4282	879
4283	879
4284	879
4285	879
4286	879
4287	879
4288	879
4289	879
4290	879
4291	879
4292	879
4293	880
4294	880
4295	880
4296	880
4297	880
4298	880
4299	880
4300	880
4301	880
4302	880
4303	881
4304	881
4305	881
4306	881
4307	881
4308	881
4309	881
4310	881
4311	882
4312	883
4313	883
4314	883
4315	883
4316	883
4317	883
4318	883
4319	883
4320	883
4321	883
4322	883
4323	883
4324	884
4325	884
4326	884
4327	885
4328	885
4329	885
4330	886
4331	886
4332	887
4333	887
4334	887
4335	887
4336	888
4337	888
4338	889
4339	889
4340	889
4341	889
4342	889
4343	889
4344	889
4345	889
4346	889
4347	889
4348	889
4349	890
4350	890
4351	891
4352	891
4353	891
4354	891
4355	891
4356	892
4357	892
4358	892
4359	893
4360	893
4361	893
4362	893
4363	894
4364	894
4365	894
4366	894
4367	894
4368	894
4369	895
4370	895
4371	896
4372	896
4373	896
4374	896
4375	896
4376	896
4377	896
4378	896
4379	896
4380	896
4381	896
4382	896
4383	896
4384	896
4385	896
4386	896
4387	896
4388	897
4389	897
4390	897
4391	897
4392	897
4393	897
4394	897
4395	898
4396	898
4397	898
4398	898
4399	899
4400	899
4401	899
4402	899
4403	900
4404	900
4405	900
4406	900
4407	900
4408	900
4409	900
4410	900
4411	901
4412	901
4413	901
4414	901
4415	902
4416	902
4417	902
4418	902
4419	902
4420	902
4421	902
4422	902
4423	902
4424	902
4425	903
4426	903
4427	903
4428	903
4429	903
4430	903
4431	903
4432	904
4433	904
4434	905
4435	905
4436	906
4437	907
4438	908
4439	908
4440	908
4441	908
4442	908
4443	908
4444	908
4445	908
4446	908
4447	908
4448	908
4449	908
4450	909
4451	909
4452	909
4453	909
4454	909
4455	909
4456	910
4457	911
4458	912
4459	912
4460	912
4461	912
4462	912
4463	912
4464	912
4465	912
4466	912
4467	912
4468	912
4469	912
4470	912
4471	912
4472	913
4473	914
4474	914
4475	914
4476	915
4477	915
4478	915
4479	915
4480	915
4481	915
4482	915
4483	915
4484	915
4485	915
4486	915
4487	915
4488	915
4489	915
4490	915
4491	915
4492	915
4493	915
4494	915
4495	915
4496	915
4497	915
4498	915
4499	915
4500	916
4501	916
4502	916
4503	916
4504	916
4505	916
4506	916
4507	916
4508	916
4509	917
4510	918
4511	918
4512	918
4513	919
4514	919
4515	919
4516	919
4517	919
4518	919
4519	919
4520	919
4521	919
4522	919
4523	919
4524	919
4525	919
4526	919
4527	920
4528	920
4529	920
4530	920
4531	920
4532	921
4533	921
4534	921
4535	921
4536	921
4537	921
4538	922
4539	922
4540	922
4541	923
4542	924
4543	924
4544	924
4545	924
4546	924
4547	925
4548	925
4549	925
4550	925
4551	925
4552	925
4553	925
4554	925
4555	925
4556	925
4557	925
4558	925
4559	925
4560	925
4561	925
4562	925
4563	925
4564	925
4565	925
4566	926
4567	926
4568	927
4569	927
4570	927
4571	927
4572	927
4573	927
4574	927
4575	927
4576	927
4577	927
4578	927
4579	927
4580	928
4581	928
4582	928
4583	929
4584	929
4585	929
4586	929
4587	929
4588	929
4589	929
4590	929
4591	929
4592	929
4593	929
4594	929
4595	929
4596	929
4597	929
4598	930
4599	930
4600	930
4601	930
4602	930
4603	930
4604	930
4605	930
4606	930
4607	931
4608	931
4609	932
4610	932
4611	932
4612	932
4613	932
4614	932
4615	932
4616	932
4617	932
4618	932
4619	932
4620	932
4621	932
4622	932
4623	932
4624	932
4625	933
4626	933
4627	933
4628	933
4629	933
4630	933
4631	933
4632	933
4633	933
4634	934
4635	934
4636	934
4637	934
4638	935
4639	935
4640	935
4641	935
4642	935
4643	935
4644	935
4645	935
4646	936
4647	936
4648	936
4649	937
4650	937
4651	937
4652	937
4653	937
4654	937
4655	937
4656	937
4657	937
4658	937
4659	937
4660	937
4661	937
4662	938
4663	938
4664	938
4665	938
4666	938
4667	938
4668	938
4669	938
4670	938
4671	938
4672	938
4673	938
4674	938
4675	938
4676	939
4677	939
4678	939
4679	939
4680	939
4681	940
4682	941
4683	941
4684	942
4685	942
4686	942
4687	942
4688	943
4689	943
4690	943
4691	943
4692	943
4693	943
4694	943
4695	943
4696	943
4697	943
4698	943
4699	943
4700	943
4701	943
4702	943
4703	943
4704	943
4705	944
4706	945
4707	945
4708	946
4709	946
4710	947
4711	947
4712	947
4713	947
4714	947
4715	947
4716	947
4717	947
4718	947
4719	947
4720	947
4721	947
4722	947
4723	947
4724	947
4725	947
4726	947
4727	947
4728	947
4729	947
4730	947
4731	947
4732	947
4733	947
4734	947
4735	947
4736	947
4737	947
4738	947
4739	948
4740	948
4741	948
4742	948
4743	948
4744	948
4745	948
4746	948
4747	948
4748	948
4749	948
4750	948
4751	948
4752	948
4753	949
4754	949
4755	950
4756	950
4757	951
4758	951
4759	951
4760	951
4761	951
4762	951
4763	951
4764	951
4765	951
4766	951
4767	951
4768	951
4769	951
4770	951
4771	951
4772	951
4773	951
4774	951
4775	951
4776	951
4777	951
4778	951
4779	951
4780	951
4781	951
4782	952
4783	952
4784	952
4785	952
4786	952
4787	952
4788	952
4789	952
4790	952
4791	952
4792	952
4793	952
4794	953
4795	954
4796	954
4797	954
4798	954
4799	954
4800	955
4801	955
4802	955
4803	955
4804	955
4805	955
4806	955
4807	955
4808	955
4809	955
4810	955
4811	955
4812	955
4813	955
4814	955
4815	955
4816	956
4817	956
4818	956
4819	956
4820	956
4821	956
4822	956
4823	956
4824	956
4825	956
4826	957
4827	957
4828	957
4829	957
4830	957
4831	958
4832	958
4833	958
4834	958
4835	958
4836	958
4837	958
4838	958
4839	958
4840	958
4841	958
4842	958
4843	958
4844	958
4845	958
4846	958
4847	958
4848	958
4849	958
4850	958
4851	958
4852	958
4853	958
4854	959
4855	959
4856	959
4857	959
4858	960
4859	960
4860	960
4861	960
4862	960
4863	960
4864	960
4865	960
4866	960
4867	960
4868	960
4869	960
4870	960
4871	960
4872	960
4873	960
4874	960
4875	960
4876	960
4877	960
4878	960
4879	960
4880	960
4881	960
4882	960
4883	960
4884	960
4885	960
4886	960
4887	960
4888	960
4889	960
4890	960
4891	960
4892	960
4893	960
4894	960
4895	960
4896	960
4897	960
4898	960
4899	960
4900	960
4901	960
4902	960
4903	960
4904	960
4905	960
4906	960
4907	960
4908	960
4909	960
4910	960
4911	960
4912	960
4913	960
4914	961
4915	961
4916	961
4917	961
4918	961
4919	961
4920	961
4921	961
4922	961
4923	961
4924	961
4925	961
4926	961
4927	961
4928	961
4929	961
4930	961
4931	961
4932	961
4933	961
4934	961
4935	961
4936	961
4937	961
4938	961
4939	961
4940	961
4941	961
4942	961
4943	961
4944	961
4945	961
4946	961
4947	961
4948	961
4949	961
4950	961
4951	961
4952	961
4953	961
4954	961
4955	961
4956	961
4957	961
4958	961
4959	961
4960	961
4961	961
4962	961
4963	961
4964	961
4965	961
4966	961
4967	961
4968	961
4969	962
4970	962
4971	963
4972	963
4973	963
4974	963
4975	963
4976	963
4977	963
4978	963
4979	963
4980	963
4981	963
4982	964
4983	964
4984	964
4985	964
4986	964
4987	964
4988	964
4989	964
4990	964
4991	964
4992	964
4993	964
4994	964
4995	964
4996	964
4997	964
4998	964
4999	964
5000	964
5001	964
5002	964
5003	964
5004	964
5005	964
5006	964
5007	964
5008	964
5009	964
5010	964
5011	964
5012	964
5013	964
5014	965
5015	965
5016	965
5017	965
5018	965
5019	965
5020	965
5021	966
5022	966
5023	966
5024	967
5025	967
5026	967
5027	967
5028	967
5029	967
5030	968
5031	968
5032	968
5033	968
5034	968
5035	968
5036	968
5037	968
5038	968
5039	968
5040	968
5041	968
5042	968
5043	968
5044	968
5045	968
5046	968
5047	968
5048	968
5049	968
5050	968
5051	968
5052	968
5053	968
5054	968
5055	968
5056	968
5057	968
5058	968
5059	968
5060	968
5061	968
5062	968
5063	968
5064	968
5065	968
5066	968
5067	968
5068	968
5069	968
5070	968
5071	968
5072	968
5073	968
5074	968
5075	968
5076	968
5077	968
5078	968
5079	968
5080	968
5081	968
5082	968
5083	968
5084	968
5085	968
5086	968
5087	968
5088	968
5089	968
5090	968
5091	968
5092	968
5093	969
5094	969
5095	969
5096	969
5097	969
5098	969
5099	969
5100	969
5101	969
5102	969
5103	969
5104	969
5105	969
5106	969
5107	969
5108	969
5109	969
5110	969
5111	969
5112	969
5113	969
5114	969
5115	969
5116	969
5117	969
5118	969
5119	969
5120	970
5121	970
5122	970
5123	970
5124	970
5125	971
5126	971
5127	971
5128	971
5129	971
5130	971
5131	971
5132	971
5133	971
5134	971
5135	971
5136	971
5137	971
5138	971
5139	971
5140	971
5141	971
5142	971
5143	971
5144	971
5145	971
5146	971
5147	971
5148	971
5149	971
5150	971
5151	971
5152	971
5153	971
5154	971
5155	971
5156	971
5157	971
5158	971
5159	971
5160	971
5161	971
5162	972
5163	972
5164	972
5165	972
5166	972
5167	972
5168	972
5169	972
5170	973
5171	973
5172	973
5173	973
5174	973
5175	973
5176	973
5177	973
5178	973
5179	973
5180	973
5181	973
5182	973
5183	973
5184	974
5185	974
5186	974
5187	974
5188	974
5189	974
5190	974
5191	974
5192	975
5193	975
5194	975
5195	975
5196	975
5197	975
5198	975
5199	975
5200	976
5201	976
5202	976
5203	976
5204	976
5205	976
5206	976
5207	976
5208	977
5209	977
5210	977
5211	977
5212	977
5213	977
5214	977
5215	977
5216	977
5217	977
5218	977
5219	977
5220	977
5221	977
5222	977
5223	977
5224	977
5225	977
5226	977
5227	977
5228	977
5229	977
5230	977
5231	977
5232	977
5233	978
5234	979
5235	979
5236	979
5237	979
5238	979
5239	979
5240	979
5241	979
5242	979
5243	979
5244	979
5245	979
5246	979
5247	980
5248	980
5249	980
5250	980
5251	981
5252	981
5253	981
5254	981
5255	981
5256	981
5257	981
5258	981
5259	981
5260	982
5261	982
5262	982
5263	982
5264	982
5265	982
5266	982
5267	982
5268	982
5269	982
5270	982
5271	982
5272	982
5273	982
5274	982
5275	982
5276	982
5277	982
5278	982
5279	982
5280	982
5281	982
5282	982
5283	982
5284	982
5285	982
5286	982
5287	982
5288	982
5289	982
5290	982
5291	982
5292	982
5293	982
5294	982
5295	982
5296	982
5297	982
5298	982
5299	982
5300	982
5301	982
5302	982
5303	982
5304	982
5305	982
5306	982
5307	982
5308	982
5309	982
5310	982
5311	982
5312	982
5313	982
5314	982
5315	982
5316	982
5317	982
5318	982
5319	982
5320	982
5321	982
5322	982
5323	982
5324	982
5325	983
5326	983
5327	983
5328	983
5329	983
5330	983
5331	983
5332	983
5333	983
5334	983
5335	983
5336	983
5337	983
5338	983
5339	983
5340	983
5341	983
5342	983
5343	983
5344	983
5345	983
5346	983
5347	983
5348	983
5349	983
5350	983
5351	983
5352	983
5353	983
5354	984
5355	984
5356	984
5357	984
5358	984
5359	984
5360	984
5361	984
5362	984
5363	984
5364	984
5365	984
5366	984
5367	984
5368	984
5369	984
5370	984
5371	984
5372	984
5373	984
5374	984
5375	984
5376	984
5377	984
5378	984
5379	984
5380	984
5381	984
5382	984
5383	984
5384	984
5385	984
5386	984
5387	984
5388	984
5389	984
5390	984
5391	984
5392	984
5393	984
5394	984
5395	984
5396	984
5397	984
5398	984
5399	984
5400	984
5401	984
5402	984
5403	984
5404	984
5405	984
5406	984
5407	984
5408	984
5409	984
5410	984
5411	984
5412	984
5413	984
5414	984
5415	984
5416	984
5417	984
5418	984
5419	984
5420	984
5421	984
5422	984
5423	985
5424	985
5425	985
5426	985
5427	985
5428	985
5429	985
5430	985
5431	985
5432	985
5433	985
5434	985
5435	985
5436	985
5437	985
5438	985
5439	985
5440	985
5441	985
5442	985
5443	985
5444	985
5445	985
5446	985
5447	985
5448	985
5449	985
5450	985
5451	985
5452	985
5453	986
5454	986
5455	986
5456	986
5457	986
5458	986
5459	986
5460	986
5461	986
5462	986
5463	986
5464	986
5465	986
5466	986
5467	986
5468	986
5469	986
5470	986
5471	987
5472	987
5473	987
5474	987
5475	987
5476	987
5477	987
5478	987
5479	987
5480	987
5481	987
5482	987
5483	987
5484	987
5485	987
5486	988
5487	988
5488	988
5489	988
5490	988
5491	988
5492	988
5493	988
5494	988
5495	988
5496	988
5497	988
5498	988
5499	988
5500	988
5501	988
5502	988
5503	988
5504	988
5505	988
5506	988
5507	988
5508	988
5509	988
5510	988
5511	988
5512	988
5513	988
5514	988
5515	988
5516	988
5517	988
5518	988
5519	988
5520	988
5521	988
5522	988
5523	988
5524	988
5525	988
5526	988
5527	988
5528	988
5529	988
5530	988
5531	988
5532	988
5533	988
5534	988
5535	988
5536	988
5537	988
5538	988
5539	988
5540	988
5541	988
5542	988
5543	988
5544	988
5545	988
5546	988
5547	988
5548	988
5549	988
5550	988
5551	988
5552	988
5553	988
5554	988
5555	988
5556	988
5557	988
5558	988
5559	988
5560	988
5561	988
5562	988
5563	988
5564	988
5565	988
5566	988
5567	988
5568	988
5569	988
5570	988
5571	988
5572	988
5573	988
5574	988
5575	988
5576	988
5577	988
5578	988
5579	988
5580	989
5581	989
5582	989
5583	989
5584	989
5585	989
5586	989
5587	989
5588	989
5589	989
5590	989
5591	989
5592	989
5593	989
5594	989
5595	989
5596	989
5597	989
5598	989
5599	989
5600	989
5601	989
5602	989
5603	989
5604	989
5605	989
5606	989
5607	989
5608	989
5609	989
5610	989
5611	989
5612	989
5613	989
5614	989
5615	989
5616	989
5617	989
5618	989
5619	989
5620	989
5621	989
5622	989
5623	989
5624	989
5625	989
5626	989
5627	989
5628	989
5629	989
5630	989
5631	989
5632	989
5633	989
5634	989
5635	989
5636	989
5637	989
5638	989
5639	989
5640	989
5641	989
5642	989
5643	989
5644	989
5645	989
5646	989
5647	989
5648	989
5649	989
5650	989
5651	989
5652	989
5653	989
5654	989
5655	989
5656	989
5657	989
5658	989
5659	989
5660	989
5661	989
5662	989
5663	990
5664	990
5665	990
5666	990
5667	990
5668	990
5669	990
5670	990
5671	990
5672	990
5673	990
5674	990
5675	990
5676	990
5677	990
5678	990
5679	990
5680	990
5681	990
5682	990
5683	990
5684	990
5685	990
5686	990
5687	990
5688	990
5689	990
5690	990
5691	990
5692	990
5693	990
5694	990
5695	990
5696	990
5697	990
5698	990
5699	990
5700	990
5701	990
5702	990
5703	990
5704	990
5705	990
5706	990
5707	990
5708	990
5709	990
5710	990
5711	990
5712	990
5713	990
5714	990
5715	990
5716	990
5717	990
5718	990
5719	990
5720	990
5721	990
5722	990
5723	990
5724	990
5725	990
5726	990
5727	990
5728	990
5729	990
5730	990
5731	990
5732	990
5733	990
5734	990
5735	990
5736	990
5737	990
5738	990
5739	990
5740	990
5741	990
5742	990
5743	990
5744	990
5745	990
5746	990
5747	990
5748	990
5749	990
5750	990
5751	990
5752	990
5753	990
5754	990
5755	990
5756	990
5757	990
5758	990
5759	990
5760	990
5761	990
5762	990
5763	990
5764	990
5765	990
5766	991
5767	991
5768	991
5769	991
5770	991
5771	991
5772	991
5773	991
5774	991
5775	991
5776	991
5777	992
5778	992
5779	992
5780	992
5781	992
5782	992
5783	992
5784	992
5785	992
5786	992
5787	992
5788	992
5789	992
5790	992
5791	992
5792	992
5793	992
5794	992
5795	992
5796	992
5797	992
5798	992
5799	992
5800	992
5801	992
5802	992
5803	992
5804	992
5805	992
5806	992
5807	992
5808	992
5809	992
5810	992
5811	992
5812	992
5813	992
5814	992
5815	992
5816	992
5817	992
5818	992
5819	992
5820	992
5821	992
5822	992
5823	992
5824	992
5825	992
5826	992
5827	992
5828	992
5829	992
5830	992
5831	992
5832	992
5833	992
5834	992
5835	992
5836	992
5837	992
5838	992
5839	992
5840	992
5841	992
5842	992
5843	992
5844	992
5845	992
5846	992
5847	992
5848	992
5849	992
5850	992
5851	992
5852	992
5853	992
5854	992
5855	992
5856	992
5857	992
5858	992
5859	992
5860	992
5861	992
5862	992
5863	992
5864	992
5865	992
5866	992
5867	992
5868	992
5869	992
5870	992
5871	992
5872	992
5873	992
5874	992
5875	992
5876	992
5877	992
5878	992
5879	992
5880	992
5881	992
5882	992
5883	992
5884	992
5885	992
5886	992
5887	992
5888	992
5889	992
5890	992
5891	992
5892	992
5893	992
5894	992
5895	992
5896	992
5897	992
5898	992
5899	992
5900	992
5901	992
5902	992
5903	992
5904	992
5905	992
5906	992
5907	992
5908	992
5909	992
5910	992
5911	992
5912	992
5913	992
5914	992
5915	992
5916	992
5917	992
5918	992
5919	992
5920	992
5921	992
5922	992
5923	992
5924	992
5925	992
5926	992
5927	992
5928	992
5929	992
5930	992
5931	992
5932	992
5933	992
5934	992
5935	992
5936	992
5937	992
5938	993
5939	993
5940	993
5941	993
5942	993
5943	993
5944	993
5945	993
5946	993
5947	993
5948	993
5949	993
5950	993
5951	993
5952	993
5953	993
5954	993
5955	993
5956	993
5957	993
5958	993
5959	993
5960	993
5961	993
5962	994
5963	994
5964	994
5965	994
5966	994
5967	994
5968	994
5969	994
5970	994
5971	994
5972	994
5973	994
5974	994
5975	994
5976	994
5977	994
5978	994
5979	994
5980	994
5981	994
5982	994
5983	994
5984	994
5985	994
5986	994
5987	994
5988	994
5989	994
5990	994
5991	994
5992	994
5993	994
5994	994
5995	994
5996	994
5997	994
5998	994
5999	994
6000	994
6001	994
6002	994
6003	994
6004	994
6005	994
6006	994
6007	994
6008	994
6009	994
6010	994
6011	994
6012	994
6013	994
6014	994
6015	994
6016	994
6017	994
6018	994
6019	994
6020	994
6021	994
6022	994
6023	995
6024	995
6025	995
6026	995
6027	995
6028	995
6029	995
6030	995
6031	995
6032	995
6033	995
6034	995
6035	995
6036	995
6037	995
6038	995
6039	995
6040	995
6041	995
6042	995
6043	995
6044	996
6045	996
6046	996
6047	996
6048	996
6049	996
6050	996
6051	996
6052	996
6053	996
6054	996
6055	996
6056	996
6057	996
6058	996
6059	996
6060	996
6061	996
6062	996
6063	996
6064	996
6065	996
6066	996
6067	996
6068	996
6069	996
6070	996
6071	996
6072	996
6073	996
6074	996
6075	996
6076	996
6077	996
6078	996
6079	996
6080	996
6081	996
6082	996
6083	996
6084	996
6085	996
6086	996
6087	996
6088	996
6089	996
6090	996
6091	996
6092	996
6093	996
6094	996
6095	996
6096	996
6097	996
6098	996
6099	996
6100	996
6101	996
6102	996
6103	996
6104	996
6105	996
6106	997
6107	997
6108	997
6109	997
6110	997
6111	997
6112	997
6113	997
6114	997
6115	997
6116	997
6117	997
6118	997
6119	997
6120	997
6121	997
6122	997
6123	997
6124	997
6125	997
6126	997
6127	997
6128	997
6129	997
6130	997
6131	997
6132	997
6133	997
6134	997
6135	997
6136	997
6137	997
6138	997
6139	997
6140	997
6141	997
6142	997
6143	997
6144	997
6145	997
6146	997
6147	997
6148	997
6149	997
6150	997
6151	997
6152	997
6153	997
6154	997
6155	997
6156	997
6157	997
6158	997
6159	997
6160	997
6161	997
6162	997
6163	997
6164	997
6165	997
6166	997
6167	997
6168	997
6169	997
6170	997
6171	997
6172	997
6173	997
6174	997
6175	997
6176	997
6177	997
6178	997
6179	997
6180	997
6181	997
6182	997
6183	997
6184	997
6185	998
6186	998
6187	998
6188	998
6189	998
6190	998
6191	998
6192	998
6193	998
6194	998
6195	998
6196	998
6197	998
6198	998
6199	998
6200	998
6201	998
6202	998
6203	998
6204	998
6205	998
6206	998
6207	998
6208	998
6209	998
6210	998
6211	998
6212	998
6213	998
6214	998
6215	998
6216	998
6217	998
6218	998
6219	998
6220	998
6221	998
6222	998
6223	998
6224	998
6225	998
6226	998
6227	998
6228	998
6229	998
6230	998
6231	998
6232	998
6233	998
6234	998
6235	998
6236	998
6237	998
6238	998
6239	998
6240	998
6241	998
6242	998
6243	998
6244	998
6245	998
6246	998
6247	998
6248	998
6249	998
6250	998
6251	998
6252	998
6253	998
6254	998
6255	998
6256	998
6257	998
6258	998
6259	998
6260	998
6261	998
6262	998
6263	998
6264	998
6265	998
6266	998
6267	998
6268	998
6269	998
6270	998
6271	998
6272	998
6273	998
6274	998
6275	998
6276	998
6277	998
6278	998
6279	998
6280	998
6281	998
6282	998
6283	998
6284	998
6285	998
6286	998
6287	998
6288	998
6289	998
6290	998
6291	998
6292	998
6293	998
6294	998
6295	998
6296	998
6297	998
6298	998
6299	998
6300	998
6301	998
6302	998
6303	998
6304	998
6305	998
6306	998
6307	998
6308	998
6309	998
6310	998
6311	998
6312	998
6313	998
6314	998
6315	998
6316	998
6317	998
6318	998
6319	998
6320	998
6321	998
6322	998
6323	998
6324	998
6325	998
6326	998
6327	998
6328	998
6329	998
6330	998
6331	998
6332	998
6333	998
6334	998
6335	998
6336	998
6337	998
6338	998
6339	998
6340	998
6341	998
6342	998
6343	998
6344	998
6345	998
6346	998
6347	998
6348	998
6349	998
6350	998
6351	998
6352	998
6353	998
6354	998
6355	998
6356	998
6357	998
6358	998
6359	998
6360	998
6361	998
6362	998
6363	998
6364	998
6365	998
6366	998
6367	998
6368	998
6369	998
6370	998
6371	998
6372	998
6373	998
6374	998
6375	998
6376	998
6377	998
6378	998
6379	998
6380	998
6381	998
6382	998
6383	998
6384	998
6385	998
6386	998
6387	998
6388	998
6389	998
6390	998
6391	998
6392	998
6393	998
6394	998
6395	998
6396	998
6397	998
6398	998
6399	998
6400	998
6401	998
6402	998
6403	998
6404	998
6405	998
6406	998
6407	998
6408	998
6409	998
6410	998
6411	998
6412	998
6413	998
6414	998
6415	998
6416	998
6417	998
6418	998
6419	998
6420	998
6421	998
6422	998
6423	998
6424	998
6425	998
6426	998
6427	998
6428	998
6429	998
6430	998
6431	998
6432	998
6433	998
6434	998
6435	998
6436	998
6437	998
6438	998
6439	998
6440	998
6441	998
6442	998
6443	998
6444	998
6445	998
6446	998
6447	998
6448	998
6449	998
6450	998
6451	998
6452	998
6453	998
6454	998
6455	998
6456	998
6457	998
6458	998
6459	998
6460	998
6461	998
6462	998
6463	998
6464	998
6465	998
6466	998
6467	998
6468	998
6469	998
6470	998
6471	998
6472	998
6473	998
6474	998
6475	998
6476	998
6477	998
6478	998
6479	998
6480	998
6481	998
6482	998
6483	998
6484	998
6485	998
6486	998
6487	998
6488	998
6489	998
6490	998
6491	998
6492	998
6493	998
6494	998
6495	998
6496	998
6497	998
6498	998
6499	998
6500	998
6501	998
6502	998
6503	998
6504	998
6505	998
6506	998
6507	998
6508	998
6509	998
6510	998
6511	998
6512	998
6513	998
6514	998
6515	998
6516	998
6517	998
6518	998
6519	998
6520	998
6521	998
6522	998
6523	998
6524	998
6525	998
6526	998
6527	998
6528	998
6529	998
6530	998
6531	998
6532	998
6533	998
6534	998
6535	998
6536	998
6537	998
6538	998
6539	998
6540	998
6541	998
6542	998
6543	998
6544	998
6545	998
6546	998
6547	998
6548	998
6549	998
6550	998
6551	998
6552	998
6553	998
6554	998
6555	998
6556	998
6557	998
6558	998
6559	998
6560	998
6561	998
6562	998
6563	998
6564	998
6565	998
6566	998
6567	998
6568	998
6569	998
6570	998
6571	998
6572	998
6573	998
6574	998
6575	998
6576	998
6577	998
6578	998
6579	998
6580	998
6581	998
6582	998
6583	998
6584	998
6585	998
6586	998
6587	998
6588	998
6589	998
6590	998
6591	998
6592	998
6593	998
6594	998
6595	998
6596	998
6597	998
6598	998
6599	998
6600	998
6601	998
6602	998
6603	998
6604	998
6605	998
6606	998
6607	998
6608	998
6609	998
6610	998
6611	998
6612	998
6613	998
6614	998
6615	998
6616	998
6617	998
6618	998
6619	998
6620	998
6621	998
6622	998
6623	998
6624	998
6625	998
6626	998
6627	998
6628	998
6629	998
6630	998
6631	998
6632	998
6633	998
6634	998
6635	998
6636	998
6637	998
6638	998
6639	998
6640	998
6641	998
6642	998
6643	998
6644	998
6645	998
6646	998
6647	998
6648	998
6649	998
6650	998
6651	998
6652	998
6653	998
6654	998
6655	998
6656	998
6657	998
6658	998
6659	998
6660	998
6661	998
6662	998
6663	998
6664	998
6665	998
6666	998
6667	998
6668	998
6669	998
6670	998
6671	998
6672	998
6673	998
6674	998
6675	998
6676	998
6677	998
6678	998
6679	998
6680	998
6681	998
6682	998
6683	998
6684	998
6685	998
6686	998
6687	998
6688	998
6689	998
6690	998
6691	998
6692	998
6693	998
6694	998
6695	998
6696	998
6697	998
6698	998
6699	998
6700	998
6701	998
6702	998
6703	998
6704	998
6705	998
6706	998
6707	998
6708	998
6709	998
6710	998
6711	998
6712	998
6713	998
6714	998
6715	998
6716	998
6717	998
6718	998
6719	998
6720	998
6721	998
6722	998
6723	998
6724	998
6725	998
6726	998
6727	998
6728	998
6729	998
6730	998
6731	998
6732	998
6733	998
6734	998
6735	998
6736	998
6737	998
6738	998
6739	998
6740	998
6741	998
6742	998
6743	998
6744	998
6745	998
6746	998
6747	998
6748	998
6749	998
6750	998
6751	998
6752	998
6753	998
6754	998
6755	998
6756	998
6757	998
6758	998
6759	998
6760	998
6761	998
6762	998
6763	998
6764	998
6765	998
6766	998
6767	998
6768	998
6769	998
6770	998
6771	998
6772	998
6773	998
6774	998
6775	998
6776	998
6777	998
6778	998
6779	998
6780	998
6781	998
6782	998
6783	998
6784	998
6785	998
6786	998
6787	998
6788	998
6789	998
6790	998
6791	998
6792	998
6793	998
6794	998
6795	998
6796	998
6797	998
6798	998
6799	998
6800	998
6801	998
6802	998
6803	998
6804	998
6805	998
6806	998
6807	998
6808	998
6809	998
6810	998
6811	998
6812	998
6813	998
6814	998
6815	998
6816	998
6817	998
6818	998
6819	998
6820	998
6821	998
6822	998
6823	998
6824	998
6825	998
6826	998
6827	998
6828	998
6829	998
6830	998
6831	999
6832	999
6833	999
6834	999
6835	999
6836	999
6837	999
6838	999
6839	999
6840	999
6841	999
6842	999
6843	999
6844	999
6845	999
6846	999
6847	999
6848	999
6849	999
6850	999
6851	999
6852	999
6853	999
6854	999
6855	999
6856	999
6857	999
6858	999
6859	999
6860	999
6861	999
6862	999
6863	999
6864	999
6865	999
6866	999
6867	999
6868	999
6869	999
6870	999
6871	999
6872	999
6873	999
6874	999
6875	999
6876	999
6877	999
6878	999
6879	999
6880	999
6881	999
6882	999
6883	999
6884	999
6885	999
6886	999
6887	999
6888	999
6889	999
6890	999
6891	999
6892	999
6893	999
6894	999
6895	999
6896	999
6897	999
6898	999
6899	999
6900	999
6901	999
6902	999
6903	999
6904	999
6905	999
6906	999
6907	999
6908	999
6909	999
6910	999
6911	999
6912	999
6913	999
6914	999
6915	999
6916	999
6917	999
6918	999
6919	999
6920	999
6921	999
6922	999
6923	999
6924	999
6925	999
6926	999
6927	999
6928	999
6929	999
6930	999
6931	999
6932	999
6933	999
6934	999
6935	999
6936	999
6937	999
6938	999
6939	999
6940	999
6941	999
6942	999
6943	999
6944	999
6945	999
6946	999
6947	999
6948	999
6949	999
6950	999
6951	999
6952	999
6953	999
6954	999
6955	999
6956	999
6957	999
6958	999
6959	999
6960	999
6961	999
6962	999
6963	999
6964	999
6965	999
6966	999
6967	999
6968	999
6969	999
6970	999
6971	999
6972	999
6973	999
6974	999
6975	999
6976	999
6977	999
6978	999
6979	999
6980	999
6981	999
6982	999
6983	999
6984	999
6985	999
6986	999
6987	999
6988	999
6989	999
6990	999
6991	999
6992	999
6993	999
6994	999
6995	999
6996	999
6997	999
6998	999
6999	999
7000	999
7001	999
7002	999
7003	999
7004	999
7005	999
7006	999
7007	999
7008	999
7009	999
7010	999
7011	999
7012	999
7013	999
7014	999
7015	999
7016	999
7017	999
7018	999
7019	1000
7020	1000
7021	1000
7022	1000
7023	1000
7024	1000
7025	1000
7026	1000
7027	1000
7028	1000
7029	1000
7030	1000
7031	1000
7032	1000
7033	1000
7034	1000
7035	1000
7036	1000
7037	1000
7038	1000
7039	1000
7040	1000
7041	1000
7042	1000
7043	1000
7044	1000
7045	1000
7046	1000
7047	1000
7048	1000
7049	1000
7050	1000
7051	1000
7052	1000
7053	1000
7054	1000
7055	1000
7056	1000
7057	1000
7058	1000
7059	1000
7060	1000
7061	1000
7062	1000
7063	1000
7064	1000
7065	1000
7066	1000
7067	1000
7068	1000
7069	1000
7070	1000
7071	1000
7072	1000
7073	1000
7074	1000
7075	1000
7076	1000
7077	1000
7078	1000
7079	1000
7080	1000
7081	1000
7082	1000
7083	1000
7084	1000
7085	1000
7086	1000
7087	1000
7088	1000
7089	1000
7090	1000
7091	1000
7092	1000
7093	1000
7094	1000
7095	1000
7096	1000
7097	1000
7098	1000
7099	1000
7100	1000
7101	1000
7102	1000
7103	1000
7104	1000
7105	1000
7106	1000
7107	1000
7108	1000
7109	1000
7110	1000
7111	1000
7112	1000
7113	1000
7114	1000
7115	1000
7116	1000
7117	1000
7118	1000
7119	1000
7120	1000
7121	1000
7122	1000
7123	1000
7124	1000
7125	1000
7126	1000
7127	1000
7128	1000
7129	1000
7130	1000
7131	1000
7132	1000
7133	1000
7134	1000
7135	1000
7136	1000
7137	1000
7138	1000
7139	1000
7140	1000
7141	1000
7142	1000
7143	1000
7144	1000
7145	1000
7146	1000
7147	1000
7148	1000
7149	1000
7150	1000
7151	1000
7152	1000
7153	1000
7154	1000
7155	1000
7156	1000
7157	1000
7158	1000
7159	1000
7160	1000
7161	1000
7162	1000
7163	1000
7164	1000
7165	1000
7166	1000
7167	1000
7168	1000
7169	1000
7170	1000
7171	1000
7172	1000
7173	1000
7174	1000
7175	1000
7176	1000
7177	1000
7178	1000
7179	1000
7180	1000
7181	1000
7182	1000
7183	1000
7184	1000
7185	1000
7186	1000
7187	1000
7188	1000
7189	1000
7190	1000
7191	1000
7192	1000
7193	1000
7194	1000
7195	1000
7196	1000
7197	1000
7198	1000
7199	1000
7200	1000
7201	1000
7202	1000
7203	1000
7204	1000
7205	1000
7206	1000
7207	1000
7208	1000
7209	1000
7210	1000
7211	1000
7212	1000
7213	1000
7214	1000
7215	1000
7216	1000
7217	1000
7218	1000
7219	1000
7220	1000
7221	1000
7222	1000
7223	1000
7224	1000
7225	1000
7226	1000
7227	1000
7228	1000
7229	1000
7230	1000
7231	1000
7232	1000
7233	1000
7234	1000
7235	1000
7236	1000
7237	1000
7238	1000
7239	1000
7240	1000
7241	1000
7242	1000
7243	1000
7244	1000
7245	1000
7246	1000
7247	1000
7248	1000
7249	1000
7250	1000
7251	1000
7252	1000
7253	1000
7254	1000
7255	1000
7256	1000
7257	1000
7258	1000
7259	1000
7260	1000
7261	1000
7262	1000
7263	1000
7264	1000
7265	1000
7266	1000
7267	1000
7268	1000
7269	1000
7270	1000
7271	1000
7272	1000
7273	1000
7274	1000
7275	1000
7276	1000
7277	1000
7278	1000
7279	1000
7280	1000
7281	1000
7282	1000
7283	1000
7284	1000
7285	1000
7286	1000
7287	1000
7288	1000
7289	1000
7290	1000
7291	1000
7292	1000
7293	1000
7294	1000
7295	1000
7296	1000
7297	1000
7298	1000
7299	1000
7300	1000
7301	1000
7302	1000
7303	1000
7304	1000
7305	1000
7306	1000
7307	1000
7308	1000
7309	1000
7310	1000
7311	1000
7312	1000
7313	1000
7314	1000
7315	1000
7316	1000
7317	1000
7318	1000
7319	1000
7320	1000
7321	1000
7322	1000
7323	1000
7324	1000
7325	1000
7326	1000
7327	1000
7328	1000
7329	1000
7330	1000
7331	1000
7332	1000
7333	1000
7334	1000
7335	1000
7336	1000
7337	1000
7338	1000
7339	1000
7340	1000
7341	1000
7342	1000
7343	1000
7344	1000
7345	1000
7346	1000
7347	1000
7348	1000
7349	1000
7350	1000
7351	1000
7352	1000
7353	1000
7354	1000
7355	1000
7356	1000
7357	1000
7358	1000
7359	1000
7360	1000
7361	1000
7362	1000
7363	1000
7364	1000
7365	1000
7366	1000
7367	1000
7368	1000
7369	1000
7370	1000
7371	1000
7372	1000
7373	1000
7374	1000
7375	1000
7376	1000
7377	1000
7378	1000
7379	1000
7380	1000
7381	1000
7382	1000
7383	1000
7384	1000
7385	1000
7386	1000
7387	1000
7388	1000
7389	1000
7390	1000
7391	1000
7392	1000
7393	1000
7394	1000
7395	1000
7396	1000
7397	1000
7398	1000
7399	1000
7400	1000
7401	1000
7402	1000
7403	1000
7404	1000
7405	1000
7406	1000
7407	1000
7408	1000
7409	1000
7410	1000
7411	1000
7412	1000
7413	1000
7414	1000
7415	1000
7416	1000
7417	1000
7418	1000
7419	1000
7420	1000
7421	1000
7422	1000
7423	1000
7424	1000
7425	1000
7426	1000
7427	1000
7428	1000
7429	1000
7430	1000
7431	1000
7432	1000
7433	1000
7434	1000
7435	1000
7436	1000
7437	1000
7438	1000
7439	1000
7440	1000
7441	1000
7442	1000
7443	1000
7444	1000
7445	1000
7446	1000
7447	1000
7448	1000
7449	1000
7450	1000
7451	1000
7452	1000
7453	1000
7454	1000
7455	1000
7456	1000
7457	1000
7458	1000
7459	1000
7460	1000
7461	1000
7462	1000
7463	1000
7464	1000
7465	1000
7466	1000
7467	1000
7468	1000
7469	1000
7470	1000
7471	1000
7472	1000
7473	1000
7474	1000
7475	1000
7476	1000
7477	1000
7478	1000
7479	1000
7480	1000
7481	1000
7482	1000
7483	1000
7484	1000
7485	1000
7486	1000
7487	1000
7488	1000
7489	1000
7490	1000
7491	1000
7492	1000
7493	1000
7494	1000
7495	1000
7496	1000
7497	1000
7498	1000
7499	1000
7500	1000
7501	1000
7502	1000
7503	1000
7504	1000
7505	1000
7506	1000
7507	1000
7508	1000
7509	1000
7510	1000
7511	1000
7512	1000
7513	1000
7514	1000
7515	1000
7516	1000
7517	1000
7518	1000
7519	1000
7520	1000
7521	1000
7522	1000
7523	1000
7524	1000
7525	1000
7526	1000
7527	1000
7528	1000
7529	1000
7530	1000
7531	1000
7532	1000
7533	1000
7534	1000
7535	1000
7536	1000
7537	1000
7538	1000
7539	1000
7540	1000
7541	1000
7542	1000
7543	1000
7544	1000
7545	1000
7546	1000
7547	1000
7548	1000
7549	1000
7550	1000
7551	1000
7552	1000
7553	1000
7554	1000
7555	1000
7556	1000
7557	1000
7558	1000
7559	1000
7560	1000
7561	1000
7562	1000
7563	1000
7564	1000
7565	1000
7566	1000
7567	1000
7568	1000
7569	1000
7570	1000
7571	1000
7572	1000
7573	1000
7574	1000
7575	1000
7576	1000
7577	1000
7578	1000
7579	1000
7580	1000
7581	1000
7582	1000
7583	1000
7584	1000
7585	1000
7586	1000
7587	1000
7588	1000
7589	1000
7590	1000
7591	1000
7592	1000
7593	1000
7594	1000
7595	1000
7596	1000
7597	1000
7598	1000
7599	1000
7600	1000
7601	1000
7602	1000
7603	1000
7604	1000
7605	1000
7606	1000
7607	1000
7608	1000
7609	1000
7610	1000
7611	1000
7612	1000
7613	1000
7614	1000
7615	1000
7616	1000
7617	1000
7618	1000
7619	1000
7620	1000
7621	1000
7622	1000
7623	1000
7624	1000
7625	1000
7626	1000
7627	1000
7628	1000
7629	1000
7630	1000
7631	1000
7632	1000
7633	1000
7634	1000
7635	1000
7636	1000
7637	1000
7638	1000
7639	1000
7640	1000
7641	1000
7642	1000
7643	1000
7644	1000
7645	1000
7646	1000
7647	1000
7648	1000
7649	1000
7650	1000
7651	1000
7652	1000
7653	1000
7654	1000
7655	1000
7656	1000
7657	1000
7658	1000
7659	1000
7660	1000
7661	1000
7662	1000
7663	1000
7664	1000
7665	1000
7666	1000
7667	1000
7668	1000
7669	1000
7670	1000
7671	1000
7672	1000
7673	1000
7674	1000
7675	1000
7676	1000
7677	1000
7678	1000
7679	1000
7680	1000
7681	1000
7682	1000
7683	1000
7684	1000
7685	1000
7686	1000
7687	1000
7688	1000
7689	1000
7690	1000
7691	1000
7692	1000
7693	1000
7694	1000
7695	1000
7696	1000
7697	1000
7698	1000
7699	1000
7700	1000
7701	1000
7702	1000
7703	1000
7704	1000
7705	1000
7706	1000
7707	1000
7708	1000
7709	1000
7710	1000
7711	1000
7712	1000
7713	1000
7714	1000
7715	1000
7716	1000
7717	1000
7718	1000
7719	1000
7720	1000
7721	1000
7722	1000
7723	1000
7724	1000
7725	1000
7726	1000
7727	1000
7728	1000
7729	1000
7730	1000
7731	1000
7732	1000
7733	1000
7734	1000
7735	1000
7736	1000
7737	1000
7738	1000
7739	1000
7740	1000
7741	1000
7742	1000
7743	1000
7744	1000
7745	1000
7746	1000
7747	1000
7748	1000
7749	1000
7750	1000
7751	1000
7752	1000
7753	1000
7754	1000
7755	1000
7756	1000
7757	1000
7758	1000
7759	1000
7760	1000
7761	1000
7762	1000
7763	1000
7764	1000
7765	1000
7766	1000
7767	1000
7768	1000
7769	1000
7770	1000
7771	1000
7772	1000
7773	1000
7774	1000
7775	1000
7776	1000
7777	1000
7778	1000
7779	1000
7780	1000
7781	1000
7782	1000
7783	1000
7784	1000
7785	1000
7786	1000
7787	1000
7788	1000
7789	1000
7790	1000
7791	1000
7792	1000
7793	1000
7794	1000
7795	1000
7796	1000
7797	1000
7798	1000
7799	1000
7800	1000
7801	1000
7802	1000
7803	1000
7804	1000
7805	1000
7806	1000
7807	1000
7808	1000
7809	1000
7810	1000
7811	1000
7812	1000
7813	1000
7814	1000
7815	1000
7816	1000
7817	1000
7818	1000
7819	1000
7820	1000
7821	1000
7822	1000
7823	1000
7824	1000
7825	1000
7826	1000
7827	1000
7828	1000
7829	1000
7830	1000
7831	1000
7832	1000
7833	1000
7834	1000
7835	1000
7836	1000
7837	1000
7838	1000
7839	1000
7840	1000
7841	1000
7842	1000
7843	1000
7844	1000
7845	1000
7846	1000
7847	1000
7848	1000
7849	1000
7850	1000
7851	1000
7852	1000
7853	1000
7854	1000
7855	1000
7856	1000
7857	1000
7858	1000
7859	1000
7860	1000
7861	1000
7862	1000
7863	1000
7864	1000
7865	1000
7866	1000
7867	1000
7868	1000
7869	1000
7870	1000
7871	1000
7872	1000
7873	1000
7874	1000
7875	1000
7876	1000
7877	1000
7878	1000
7879	1000
7880	1000
7881	1000
7882	1000
7883	1000
7884	1000
7885	1000
7886	1000
7887	1000
7888	1000
7889	1000
7890	1000
7891	1000
7892	1000
7893	1000
7894	1000
7895	1000
7896	1000
7897	1000
7898	1000
7899	1000
7900	1000
7901	1000
7902	1000
7903	1000
7904	1000
7905	1000
7906	1000
7907	1000
7908	1000
7909	1000
7910	1000
7911	1000
7912	1000
7913	1000
7914	1000
7915	1000
7916	1000
7917	1000
7918	1000
7919	1000
7920	1000
7921	1000
7922	1000
7923	1000
7924	1000
7925	1000
7926	1000
7927	1000
7928	1000
7929	1000
7930	1000
7931	1000
7932	1000
7933	1000
7934	1000
7935	1000
7936	1000
7937	1000
7938	1000
7939	1000
7940	1000
7941	1000
7942	1000
7943	1000
7944	1000
7945	1000
7946	1000
7947	1000
7948	1000
7949	1000
7950	1000
7951	1000
7952	1000
7953	1000
7954	1000
7955	1000
7956	1000
7957	1000
7958	1000
7959	1000
7960	1000
7961	1000
7962	1000
7963	1000
7964	1000
7965	1000
7966	1000
7967	1000
7968	1000
7969	1000
7970	1000
7971	1000
7972	1000
7973	1000
7974	1000
7975	1000
7976	1000
7977	1000
7978	1000
7979	1000
7980	1000
7981	1000
7982	1000
7983	1000
7984	1000
7985	1000
7986	1000
7987	1000
7988	1000
7989	1000
7990	1000
7991	1000
7992	1000
7993	1000
7994	1000
7995	1000
7996	1000
7997	1000
7998	1000
7999	1000
8000	1000
8001	1000
8002	1000
8003	1000
8004	1000
8005	1000
8006	1000
8007	1000
8008	1000
8009	1000
8010	1000
8011	1000
8012	1000
8013	1000
8014	1000
8015	1000
8016	1000
8017	1000
8018	1000
8019	1000
8020	1000
8021	1000
8022	1000
8023	1000
8024	1000
8025	1000
8026	1000
8027	1000
8028	1000
8029	1000
8030	1000
8031	1000
8032	1000
8033	1000
8034	1000
8035	1000
8036	1000
8037	1000
8038	1000
8039	1000
8040	1000
8041	1000
8042	1000
8043	1000
8044	1000
8045	1000
8046	1000
8047	1000
8048	1000
8049	1000
8050	1000
8051	1000
8052	1000
8053	1000
8054	1000
8055	1000
8056	1000
8057	1000
8058	1000
8059	1000
8060	1000
8061	1000
8062	1000
8063	1000
8064	1000
8065	1000
8066	1000
8067	1000
8068	1000
8069	1000
8070	1000
8071	1000
8072	1000
8073	1000
8074	1000
8075	1000
8076	1000
8077	1000
8078	1000
8079	1000
8080	1000
8081	1000
8082	1000
8083	1000
8084	1000
8085	1000
8086	1000
8087	1000
8088	1000
8089	1000
8090	1000
8091	1000
8092	1000
8093	1000
8094	1000
8095	1000
8096	1000
8097	1000
8098	1000
8099	1000
8100	1000
8101	1000
8102	1000
8103	1000
8104	1000
8105	1000
8106	1000
8107	1000
8108	1000
8109	1000
8110	1000
8111	1000
8112	1000
8113	1000
8114	1000
8115	1000
8116	1000
8117	1000
8118	1000
8119	1000
8120	1000
8121	1000
8122	1000
8123	1000
8124	1000
8125	1000
8126	1000
8127	1000
8128	1000
8129	1000
8130	1000
8131	1000
8132	1000
8133	1000
8134	1000
8135	1000
8136	1000
8137	1000
8138	1000
8139	1000
8140	1000
8141	1000
8142	1000
8143	1000
8144	1000
8145	1000
8146	1000
8147	1000
8148	1000
8149	1000
8150	1000
8151	1000
8152	1000
8153	1000
8154	1000
8155	1000
8156	1000
8157	1000
8158	1000
8159	1000
8160	1000
8161	1000
8162	1000
8163	1000
8164	1000
8165	1000
8166	1000
8167	1000
8168	1000
8169	1000
8170	1000
8171	1000
8172	1000
8173	1000
8174	1000
8175	1000
8176	1000
8177	1000
8178	1000
8179	1000
8180	1000
8181	1000
8182	1000
8183	1000
8184	1000
8185	1000
8186	1000
8187	1000
8188	1000
8189	1000
8190	1000
8191	1000
8192	1000
8193	1000
8194	1000
8195	1000
8196	1000
8197	1000
8198	1000
8199	1000
8200	1000
8201	1000
8202	1000
8203	1000
8204	1000
8205	1000
8206	1000
8207	1000
8208	1000
8209	1000
8210	1000
8211	1000
8212	1000
8213	1000
8214	1000
8215	1000
8216	1000
8217	1000
8218	1000
8219	1000
8220	1000
8221	1000
8222	1000
8223	1000
8224	1000
8225	1000
8226	1000
8227	1000
8228	1000
8229	1000
8230	1000
8231	1000
8232	1000
8233	1000
8234	1000
8235	1000
8236	1000
8237	1000
8238	1000
8239	1000
8240	1000
8241	1000
8242	1000
8243	1000
8244	1000
8245	1000
8246	1000
8247	1000
8248	1000
8249	1000
8250	1000
8251	1000
8252	1000
8253	1000
8254	1000
8255	1000
8256	1000
8257	1000
8258	1000
8259	1000
8260	1000
8261	1000
8262	1000
8263	1000
8264	1000
8265	1000
8266	1000
8267	1000
8268	1000
8269	1000
8270	1000
8271	1000
8272	1000
8273	1000
8274	1000
8275	1000
8276	1000
8277	1000
8278	1000
8279	1000
8280	1000
8281	1000
8282	1000
8283	1000
8284	1000
8285	1000
8286	1000
8287	1000
8288	1000
8289	1000
8290	1000
8291	1000
8292	1000
8293	1000
8294	1000
8295	1000
8296	1000
8297	1000
8298	1000
8299	1000
8300	1000
8301	1000
8302	1000
8303	1000
8304	1000
8305	1000
8306	1000
8307	1000
8308	1000
8309	1000
8310	1000
8311	1000
8312	1000
8313	1000
8314	1000
8315	1000
8316	1000
8317	1000
8318	1000
8319	1000
8320	1000
8321	1000
8322	1000
8323	1000
8324	1000
8325	1000
8326	1000
8327	1000
8328	1000
8329	1000
8330	1000
8331	1000
8332	1000
8333	1000
8334	1000
8335	1000
8336	1000
8337	1000
8338	1000
8339	1000
8340	1000
8341	1000
8342	1000
8343	1000
8344	1000
8345	1000
8346	1000
8347	1000
8348	1000
8349	1000
8350	1000
8351	1000
8352	1000
8353	1000
8354	1000
8355	1000
8356	1000
8357	1000
8358	1000
8359	1000
8360	1000
8361	1000
8362	1000
8363	1000
8364	1000
8365	1000
8366	1000
8367	1000
8368	1000
8369	1000
8370	1000
8371	1000
8372	1000
8373	1000
8374	1000
8375	1000
8376	1000
8377	1000
8378	1000
8379	1000
8380	1000
8381	1000
8382	1000
8383	1000
8384	1000
8385	1000
8386	1000
8387	1000
8388	1000
8389	1000
8390	1000
8391	1000
8392	1000
8393	1000
8394	1000
8395	1000
8396	1000
8397	1000
8398	1000
8399	1000
8400	1000
8401	1000
8402	1000
8403	1000
8404	1000
8405	1000
8406	1000
8407	1000
8408	1000
8409	1000
8410	1000
8411	1000
8412	1000
8413	1000
8414	1000
8415	1000
8416	1000
8417	1000
8418	1000
8419	1000
8420	1000
8421	1000
8422	1000
8423	1000
8424	1000
8425	1000
8426	1000
8427	1000
8428	1000
8429	1000
8430	1000
8431	1000
8432	1000
8433	1000
8434	1000
8435	1000
8436	1000
8437	1000
8438	1000
8439	1000
8440	1000
8441	1000
8442	1000
8443	1000
8444	1000
8445	1000
8446	1000
8447	1000
8448	1000
8449	1000
8450	1000
8451	1000
8452	1000
8453	1000
8454	1000
8455	1000
8456	1000
8457	1000
8458	1000
8459	1000
8460	1000
8461	1000
8462	1000
8463	1000
8464	1000
8465	1000
8466	1000
8467	1000
8468	1000
8469	1000
8470	1000
8471	1000
8472	1000
8473	1000
8474	1000
8475	1000
8476	1000
8477	1000
8478	1000
8479	1000
8480	1000
8481	1000
8482	1000
8483	1000
8484	1000
8485	1000
8486	1000
8487	1000
8488	1000
8489	1000
8490	1000
8491	1000
8492	1000
8493	1000
8494	1000
8495	1000
8496	1000
8497	1000
8498	1000
8499	1000
8500	1000
8501	1000
8502	1000
8503	1000
8504	1000
8505	1000
8506	1000
8507	1000
8508	1000
8509	1000
8510	1000
8511	1000
8512	1000
8513	1000
8514	1000
8515	1000
8516	1000
8517	1000
8518	1000
8519	1000
8520	1000
8521	1000
8522	1000
8523	1000
8524	1000
8525	1000
8526	1000
8527	1000
8528	1000
8529	1000
8530	1000
8531	1000
8532	1000
8533	1000
8534	1000
8535	1000
8536	1000
8537	1000
8538	1000
8539	1000
8540	1000
8541	1000
8542	1000
8543	1000
8544	1000
8545	1000
8546	1000
8547	1000
8548	1000
8549	1000
8550	1000
8551	1000
8552	1000
8553	1000
8554	1000
8555	1000
8556	1000
8557	1000
8558	1000
8559	1000
8560	1000
8561	1000
8562	1000
8563	1000
8564	1000
8565	1000
8566	1000
8567	1000
8568	1000
8569	1000
8570	1000
8571	1000
8572	1000
8573	1000
8574	1000
8575	1000
8576	1000
8577	1000
8578	1000
8579	1000
8580	1000
8581	1000
8582	1000
8583	1000
8584	1000
8585	1000
8586	1000
8587	1000
8588	1000
8589	1000
8590	1000
8591	1000
8592	1000
8593	1000
8594	1000
8595	1000
8596	1000
8597	1000
8598	1000
8599	1000
8600	1000
8601	1000
8602	1000
8603	1000
8604	1000
8605	1000
8606	1000
8607	1000
8608	1000
8609	1000
8610	1000
8611	1000
8612	1000
8613	1000
8614	1000
8615	1000
8616	1000
8617	1000
8618	1000
8619	1000
8620	1000
8621	1000
8622	1000
8623	1000
8624	1000
8625	1000
8626	1000
8627	1000
8628	1000
8629	1000
8630	1000
8631	1000
8632	1000
8633	1000
8634	1000
8635	1000
8636	1000
8637	1000
8638	1000
8639	1000
8640	1000
8641	1000
8642	1000
8643	1000
8644	1000
8645	1000
8646	1000
8647	1000
8648	1000
8649	1000
8650	1000
8651	1000
8652	1000
8653	1000
8654	1000
8655	1000
8656	1000
8657	1000
8658	1000
8659	1000
8660	1000
8661	1000
8662	1000
8663	1000
8664	1000
8665	1000
8666	1000
8667	1000
8668	1000
8669	1000
8670	1000
8671	1000
8672	1000
8673	1000
8674	1000
8675	1000
8676	1000
8677	1000
8678	1000
8679	1000
8680	1000
8681	1000
8682	1000
8683	1000
8684	1000
8685	1000
8686	1000
8687	1000
8688	1000
8689	1000
8690	1000
8691	1000
8692	1000
8693	1000
8694	1000
8695	1000
8696	1000
8697	1000
8698	1000
8699	1000
8700	1000
8701	1000
8702	1000
8703	1000
8704	1000
8705	1000
8706	1000
8707	1000
8708	1000
8709	1000
8710	1000
8711	1000
8712	1000
8713	1000
8714	1000
8715	1000
8716	1000
8717	1000
8718	1000
8719	1000
8720	1000
8721	1000
8722	1000
8723	1000
8724	1000
8725	1000
8726	1000
8727	1000
8728	1000
8729	1000
8730	1000
8731	1000
8732	1000
8733	1000
8734	1000
8735	1000
8736	1000
8737	1000
8738	1000
8739	1000
8740	1000
8741	1000
8742	1000
8743	1000
8744	1000
8745	1000
8746	1000
8747	1000
8748	1000
8749	1000
8750	1000
8751	1000
8752	1000
8753	1000
8754	1000
8755	1000
8756	1000
8757	1000
8758	1000
8759	1000
8760	1000
8761	1000
8762	1000
8763	1000
8764	1000
8765	1000
8766	1000
8767	1000
8768	1000
8769	1000
8770	1000
8771	1000
8772	1000
8773	1000
8774	1000
8775	1000
8776	1000
8777	1000
8778	1000
8779	1000
8780	1000
8781	1000
8782	1000
8783	1000
8784	1000
8785	1000
8786	1000
8787	1000
8788	1000
8789	1000
8790	1000
8791	1000
8792	1000
8793	1000
8794	1000
8795	1000
8796	1000
8797	1000
8798	1000
8799	1000
8800	1000
8801	1000
8802	1000
8803	1000
8804	1000
8805	1000
8806	1000
8807	1000
8808	1000
8809	1000
8810	1000
8811	1000
8812	1000
8813	1000
8814	1000
8815	1000
8816	1000
8817	1000
8818	1000
8819	1000
8820	1000
8821	1000
8822	1000
8823	1000
8824	1000
8825	1000
8826	1000
8827	1000
8828	1000
8829	1000
8830	1000
8831	1000
8832	1000
8833	1000
8834	1000
8835	1000
8836	1000
8837	1000
8838	1000
8839	1000
8840	1000
8841	1000
8842	1000
8843	1000
8844	1000
8845	1000
8846	1000
8847	1000
8848	1000
8849	1000
8850	1000
8851	1000
8852	1000
8853	1000
8854	1000
8855	1000
8856	1000
8857	1000
8858	1000
8859	1000
8860	1000
8861	1000
8862	1000
8863	1000
8864	1000
8865	1000
8866	1000
8867	1000
8868	1000
8869	1000
8870	1000
8871	1000
8872	1000
8873	1000
8874	1000
8875	1000
8876	1000
8877	1000
8878	1000
8879	1000
8880	1000
8881	1000
8882	1000
8883	1000
8884	1000
8885	1000
8886	1000
8887	1000
8888	1000
8889	1000
8890	1000
8891	1000
8892	1000
8893	1000
8894	1000
8895	1000
8896	1000
8897	1000
8898	1000
8899	1000
8900	1000
8901	1000
8902	1000
8903	1000
8904	1000
8905	1000
8906	1000
8907	1000
8908	1000
8909	1000
8910	1000
8911	1000
8912	1000
8913	1000
8914	1000
8915	1000
8916	1000
8917	1000
8918	1000
8919	1000
8920	1000
8921	1000
8922	1000
8923	1000
8924	1000
8925	1000
8926	1000
8927	1000
8928	1000
8929	1000
8930	1000
8931	1000
8932	1000
8933	1000
8934	1000
8935	1000
8936	1000
8937	1000
8938	1000
8939	1000
8940	1000
8941	1000
8942	1000
8943	1000
8944	1000
8945	1000
8946	1000
8947	1000
8948	1000
8949	1000
8950	1000
8951	1000
8952	1000
8953	1000
8954	1000
8955	1000
8956	1000
8957	1000
8958	1000
8959	1000
8960	1000
8961	1000
8962	1000
8963	1000
8964	1000
8965	1000
8966	1000
8967	1000
8968	1000
8969	1000
8970	1000
8971	1000
8972	1000
8973	1000
8974	1000
8975	1000
8976	1000
8977	1000
8978	1000
8979	1000
8980	1000
8981	1000
8982	1000
8983	1000
8984	1000
8985	1000
8986	1000
8987	1000
8988	1000
8989	1000
8990	1000
8991	1000
8992	1000
8993	1000
8994	1000
8995	1000
8996	1000
8997	1000
8998	1000
8999	1000
9000	1000
9001	1000
9002	1000
9003	1000
9004	1000
9005	1000
9006	1000
9007	1000
9008	1000
9009	1000
9010	1000
9011	1000
9012	1000
9013	1000
9014	1000
9015	1000
9016	1000
9017	1000
9018	1000
9019	1000
9020	1000
9021	1000
9022	1000
9023	1000
9024	1000
9025	1000
9026	1000
9027	1000
9028	1000
9029	1000
9030	1000
9031	1000
9032	1000
9033	1000
9034	1000
9035	1000
9036	1000
9037	1000
9038	1000
9039	1000
9040	1000
9041	1000
9042	1000
9043	1000
9044	1000
9045	1000
9046	1000
9047	1000
9048	1000
9049	1000
9050	1000
9051	1000
9052	1000
9053	1000
9054	1000
9055	1000
9056	1000
9057	1000
9058	1000
9059	1000
9060	1000
9061	1000
9062	1000
9063	1000
9064	1000
9065	1000
9066	1000
9067	1000
9068	1000
9069	1000
9070	1000
9071	1000
9072	1000
9073	1000
9074	1000
9075	1000
9076	1000
9077	1000
9078	1000
9079	1000
9080	1000
9081	1000
9082	1000
9083	1000
9084	1000
9085	1000
9086	1000
9087	1000
9088	1000
9089	1000
9090	1000
9091	1000
9092	1000
9093	1000
9094	1000
9095	1000
9096	1000
9097	1000
9098	1000
9099	1000
9100	1000
9101	1000
9102	1000
9103	1000
9104	1000
9105	1000
9106	1000
9107	1000
9108	1000
9109	1000
9110	1000
9111	1000
9112	1000
9113	1000
9114	1000
9115	1000
9116	1000
9117	1000
9118	1000
9119	1000
9120	1000
9121	1000
9122	1000
9123	1000
9124	1000
9125	1000
9126	1000
9127	1000
9128	1000
9129	1000
9130	1000
9131	1000
9132	1000
9133	1000
9134	1000
9135	1000
9136	1000
9137	1000
9138	1000
9139	1000
9140	1000
9141	1000
9142	1000
9143	1000
9144	1000
9145	1000
9146	1000
9147	1000
9148	1000
9149	1000
9150	1000
9151	1000
9152	1000
9153	1000
9154	1000
9155	1000
9156	1000
9157	1000
9158	1000
9159	1000
9160	1000
9161	1000
9162	1000
9163	1000
9164	1000
9165	1000
9166	1000
9167	1000
9168	1000
9169	1000
9170	1000
9171	1000
9172	1000
9173	1000
9174	1000
9175	1000
9176	1000
9177	1000
9178	1000
9179	1000
9180	1000
9181	1000
9182	1000
9183	1000
9184	1000
9185	1000
9186	1000
9187	1000
9188	1000
9189	1000
9190	1000
9191	1000
9192	1000
9193	1000
9194	1000
9195	1000
9196	1000
9197	1000
9198	1000
9199	1000
9200	1000
9201	1000
9202	1000
9203	1000
9204	1000
9205	1000
9206	1000
9207	1000
9208	1000
9209	1000
9210	1000
9211	1000
9212	1000
9213	1000
9214	1000
9215	1000
9216	1000
9217	1000
9218	1000
9219	1000
9220	1000
9221	1000
9222	1000
9223	1000
9224	1000
9225	1000
9226	1000
9227	1000
9228	1000
9229	1000
9230	1000
9231	1000
9232	1000
9233	1000
9234	1000
9235	1000
9236	1000
9237	1000
9238	1000
9239	1000
9240	1000
9241	1000
9242	1000
9243	1000
9244	1000
9245	1000
9246	1000
9247	1000
9248	1000
9249	1000
9250	1000
9251	1000
9252	1000
9253	1000
9254	1000
9255	1000
9256	1000
9257	1000
9258	1000
9259	1000
9260	1000
9261	1000
9262	1000
9263	1000
9264	1000
9265	1000
9266	1000
9267	1000
9268	1000
9269	1000
9270	1000
9271	1000
9272	1000
9273	1000
9274	1000
9275	1000
9276	1000
9277	1000
9278	1000
9279	1000
9280	1000
9281	1000
9282	1000
9283	1000
9284	1000
9285	1000
9286	1000
9287	1000
9288	1000
9289	1000
9290	1000
9291	1000
9292	1000
9293	1000
9294	1000
9295	1000
9296	1000
9297	1000
9298	1000
9299	1000
9300	1000
9301	1000
9302	1000
9303	1000
9304	1000
9305	1000
9306	1000
9307	1000
9308	1000
9309	1000
9310	1000
9311	1000
9312	1000
9313	1000
9314	1000
9315	1000
9316	1000
9317	1000
9318	1000
9319	1000
9320	1000
9321	1000
9322	1000
9323	1000
9324	1000
9325	1000
9326	1000
9327	1000
9328	1000
9329	1000
9330	1000
9331	1000
9332	1000
9333	1000
9334	1000
9335	1000
9336	1000
9337	1000
9338	1000
9339	1000
9340	1000
9341	1000
9342	1000
9343	1000
9344	1000
9345	1000
9346	1000
9347	1000
9348	1000
9349	1000
9350	1000
9351	1000
9352	1000
9353	1000
9354	1000
9355	1000
9356	1000
9357	1000
9358	1000
9359	1000
9360	1000
9361	1000
9362	1000
9363	1000
9364	1000
9365	1000
9366	1000
9367	1000
9368	1000
9369	1000
9370	1000
9371	1000
9372	1000
9373	1000
9374	1000
9375	1000
9376	1000
9377	1000
9378	1000
9379	1000
9380	1000
9381	1000
9382	1000
9383	1000
9384	1000
9385	1000
9386	1000
9387	1000
9388	1000
9389	1000
9390	1000
9391	1000
9392	1000
9393	1000
9394	1000
9395	1000
9396	1000
9397	1000
9398	1000
9399	1000
9400	1000
9401	1000
9402	1000
9403	1000
9404	1000
9405	1000
9406	1000
9407	1000
9408	1000
9409	1000
9410	1000
9411	1000
9412	1000
9413	1000
9414	1000
9415	1000
9416	1000
9417	1000
9418	1000
9419	1000
9420	1000
9421	1000
9422	1000
9423	1000
9424	1000
9425	1000
9426	1000
9427	1000
9428	1000
9429	1000
9430	1000
9431	1000
9432	1000
9433	1000
9434	1000
9435	1000
9436	1000
9437	1000
9438	1000
9439	1000
9440	1000
9441	1000
9442	1000
9443	1000
9444	1000
9445	1000
9446	1000
9447	1000
9448	1000
9449	1000
9450	1000
9451	1000
9452	1000
9453	1000
9454	1000
9455	1000
9456	1000
9457	1000
9458	1000
9459	1000
9460	1000
9461	1000
9462	1000
9463	1000
9464	1000
9465	1000
9466	1000
9467	1000
9468	1000
9469	1000
9470	1000
9471	1000
9472	1000
9473	1000
9474	1000
9475	1000
9476	1000
9477	1000
9478	1000
9479	1000
9480	1000
9481	1000
9482	1000
9483	1000
9484	1000
9485	1000
9486	1000
9487	1000
9488	1000
9489	1000
9490	1000
9491	1000
9492	1000
9493	1000
9494	1000
9495	1000
9496	1000
9497	1000
9498	1000
9499	1000
9500	1000
9501	1000
9502	1000
9503	1000
9504	1000
9505	1000
9506	1000
9507	1000
9508	1000
9509	1000
9510	1000
9511	1000
9512	1000
9513	1000
9514	1000
9515	1000
9516	1000
9517	1000
9518	1000
9519	1000
9520	1000
9521	1000
9522	1000
9523	1000
9524	1000
9525	1000
9526	1000
9527	1000
9528	1000
9529	1000
9530	1000
9531	1000
9532	1000
9533	1000
9534	1000
9535	1000
9536	1000
9537	1000
9538	1000
9539	1000
9540	1000
9541	1000
9542	1000
9543	1000
9544	1000
9545	1000
9546	1000
9547	1000
9548	1000
9549	1000
9550	1000
9551	1000
9552	1000
9553	1000
9554	1000
9555	1000
9556	1000
9557	1000
9558	1000
9559	1000
9560	1000
9561	1000
9562	1000
9563	1000
9564	1000
9565	1000
9566	1000
9567	1000
9568	1000
9569	1000
9570	1000
9571	1000
9572	1000
9573	1000
9574	1000
9575	1000
9576	1000
9577	1000
9578	1000
9579	1000
9580	1000
9581	1000
9582	1000
9583	1000
9584	1000
9585	1000
9586	1000
9587	1000
9588	1000
9589	1000
9590	1000
9591	1000
9592	1000
9593	1000
9594	1000
9595	1000
9596	1000
9597	1000
9598	1000
9599	1000
9600	1000
9601	1000
9602	1000
9603	1000
9604	1000
9605	1000
9606	1000
9607	1000
9608	1000
9609	1000
9610	1000
9611	1000
9612	1000
9613	1000
9614	1000
9615	1000
9616	1000
9617	1000
9618	1000
9619	1000
9620	1000
9621	1000
9622	1000
9623	1000
9624	1000
9625	1000
9626	1000
9627	1000
9628	1000
9629	1000
9630	1000
9631	1000
9632	1000
9633	1000
9634	1000
9635	1000
9636	1000
9637	1000
9638	1000
9639	1000
9640	1000
9641	1000
9642	1000
9643	1000
9644	1000
9645	1000
9646	1000
9647	1000
9648	1000
9649	1000
9650	1000
9651	1000
9652	1000
9653	1000
9654	1000
9655	1000
9656	1000
9657	1000
9658	1000
9659	1000
9660	1000
9661	1000
9662	1000
9663	1000
9664	1000
9665	1000
9666	1000
9667	1000
9668	1000
9669	1000
9670	1000
9671	1000
9672	1000
9673	1000
9674	1000
9675	1000
9676	1000
9677	1000
9678	1000
9679	1000
9680	1000
9681	1000
9682	1000
9683	1000
9684	1000
9685	1000
9686	1000
9687	1000
9688	1000
9689	1000
9690	1000
9691	1000
9692	1000
9693	1000
9694	1000
9695	1000
9696	1000
9697	1000
9698	1000
9699	1000
9700	1000
9701	1000
9702	1000
9703	1000
9704	1000
9705	1000
9706	1000
9707	1000
9708	1000
9709	1000
9710	1000
9711	1000
9712	1000
9713	1000
9714	1000
9715	1000
9716	1000
9717	1000
9718	1000
9719	1000
9720	1000
9721	1000
9722	1000
9723	1000
9724	1000
9725	1000
9726	1000
9727	1000
9728	1000
9729	1000
9730	1000
9731	1000
9732	1000
9733	1000
9734	1000
9735	1000
9736	1000
9737	1000
9738	1000
9739	1000
9740	1000
9741	1000
9742	1000
9743	1000
9744	1000
9745	1000
9746	1000
9747	1000
9748	1000
9749	1000
9750	1000
9751	1000
9752	1000
9753	1000
9754	1000
9755	1000
9756	1000
9757	1000
9758	1000
9759	1000
9760	1000
9761	1000
9762	1000
9763	1000
9764	1000
9765	1000
9766	1000
9767	1000
9768	1000
9769	1000
9770	1000
9771	1000
9772	1000
9773	1000
9774	1000
9775	1000
9776	1000
9777	1000
9778	1000
9779	1000
9780	1000
9781	1000
9782	1000
9783	1000
9784	1000
9785	1000
9786	1000
9787	1000
9788	1000
9789	1000
9790	1000
9791	1000
9792	1000
9793	1000
9794	1000
9795	1000
9796	1000
9797	1000
9798	1000
9799	1000
9800	1000
9801	1000
9802	1000
9803	1000
9804	1000
9805	1000
9806	1000
9807	1000
9808	1000
9809	1000
9810	1000
9811	1000
9812	1000
9813	1000
9814	1000
9815	1000
9816	1000
9817	1000
9818	1000
9819	1000
9820	1000
9821	1000
9822	1000
9823	1000
9824	1000
9825	1000
9826	1000
9827	1000
9828	1000
9829	1000
9830	1000
9831	1000
9832	1000
9833	1000
9834	1000
9835	1000
9836	1000
9837	1000
9838	1000
9839	1000
9840	1000
9841	1000
9842	1000
9843	1000
9844	1000
9845	1000
9846	1000
9847	1000
9848	1000
9849	1000
9850	1000
9851	1000
9852	1000
9853	1000
9854	1000
9855	1000
9856	1000
9857	1000
9858	1000
9859	1000
9860	1000
9861	1000
9862	1000
9863	1000
9864	1000
9865	1000
9866	1000
9867	1000
9868	1000
9869	1000
9870	1000
9871	1000
9872	1000
9873	1000
9874	1000
9875	1000
9876	1000
9877	1000
9878	1000
9879	1000
9880	1000
9881	1000
9882	1000
9883	1000
9884	1000
9885	1000
9886	1000
9887	1000
9888	1000
9889	1000
9890	1000
9891	1000
9892	1000
9893	1000
9894	1000
9895	1000
9896	1000
9897	1000
9898	1000
9899	1000
9900	1000
9901	1000
9902	1000
9903	1000
9904	1000
9905	1000
9906	1000
9907	1000
9908	1000
9909	1000
9910	1000
9911	1000
9912	1000
9913	1000
9914	1000
9915	1000
9916	1000
9917	1000
9918	1000
9919	1000
9920	1000
9921	1000
9922	1000
9923	1000
9924	1000
9925	1000
9926	1000
9927	1000
9928	1000
9929	1000
9930	1000
9931	1000
9932	1000
9933	1000
9934	1000
9935	1000
9936	1000
9937	1000
9938	1000
9939	1000
9940	1000
9941	1000
9942	1000
9943	1000
9944	1000
9945	1000
9946	1000
9947	1000
9948	1000
9949	1000
9950	1000
9951	1000
9952	1000
9953	1000
9954	1000
9955	1000
9956	1000
9957	1000
9958	1000
9959	1000
9960	1000
9961	1000
9962	1000
9963	1000
9964	1000
9965	1000
9966	1000
9967	1000
9968	1000
9969	1000
9970	1000
9971	1000
9972	1000
9973	1000
9974	1000
9975	1000
9976	1000
9977	1000
9978	1000
9979	1000
9980	1000
9981	1000
9982	1000
9983	1000
9984	1000
9985	1000
9986	1000
9987	1000
9988	1000
9989	1000
9990	1000
9991	1000
9992	1000
9993	1000
9994	1000
9995	1000
9996	1000
9997	1000
9998	1000
9999	1000
